1754446980085 5.624274155615748 0
1754446992626 5.066197540477057 1
1754447003000 4.701094655452762 2
1754447010550 4.4167484831478205 3
1754447018125 4.276609367143053 4
1754447025350 4.08047759198411 5
1754447033605 3.9635402328119453 6
1754447041446 3.836619407214912 7
1754447049875 3.748449375887065 8
1754447058017 3.681342370088372 9
1754447065659 3.6076027650322264 10
1754447072991 3.5203866186677257 11
1754447080972 3.4791796656845424 12
1754447089854 3.4304767444830624 13
1754447097267 3.3314858053653444 14
1754447106386 3.284802958641983 15
1754447114055 3.256285046226467 16
1754447122249 3.1815048724009736 17
1754447129997 3.1816284793059784 18
1754447138703 3.099954047475668 19
1754447145978 3.0620148796652784 20
1754447153220 3.0529338001055386 21
1754447160970 3.052355302776829 22
1754447169552 2.9826201570613917 23
1754447178498 2.9563739123550814 24
1754447187178 2.9049402168772858 25
1754447196224 2.886836983991795 26
1754447201889 2.9143624989353643 27
1754447206818 2.8877465432030145 28
1754447212077 2.852889555311151 29
1754447217601 2.840333812521076 30
1754447224019 2.7827800581034396 31
1754447231824 2.734808171850357 32
1754447237508 2.753211332129228 33
1754447242996 2.7402836798877255 34
1754447248950 2.7359368776347064 35
1754447254532 2.70721470149336 36
1754447261318 2.694517296633307 37
1754447268465 2.7325733298299313 38
1754447274665 2.66222048187819 39
1754447279596 2.6531879509526157 40
1754447286369 2.641859448852003 41
1754447292805 2.625249641134572 42
1754447298260 2.637571412518159 43
1754447304235 2.6354898289040305 44
1754447309645 2.6031393187153706 45
1754447315370 2.545080067354958 46
1754447320908 2.5915075480919927 47
1754447326368 2.5783045553062727 48
1754447331703 2.5560033279832903 49
1754447337793 2.529952010707107 50
1754447344069 2.5035275582650947 51
1754447350225 2.4904436222910906 52
1754447356091 2.535664956066106 53
1754447362928 2.5410466403228273 54
1754447368325 2.5329309678330247 55
1754447375428 2.4545371101772786 56
1754447381134 2.467496099716011 57
1754447386947 2.4507465412732126 58
1754447392763 2.4665853261408244 59
1754447399131 2.4845715211073918 60
1754447405996 2.4984755009275292 61
