1754446979137 5.624274155615748 0
1754446985662 5.066197540477057 1
1754446991366 4.701094655452762 2
1754446997737 4.4167484831478205 3
1754447004006 4.276609367143053 4
1754447010148 4.08047759198411 5
1754447016598 3.9635402328119453 6
1754447022232 3.836619407214912 7
1754447028137 3.748449375887065 8
1754447033412 3.681342370088372 9
1754447039723 3.6076027650322264 10
1754447046159 3.5203866186677257 11
1754447052326 3.4791796656845424 12
1754447059031 3.4304767444830624 13
1754447064708 3.3314858053653444 14
1754447070583 3.284802958641983 15
1754447077455 3.256285046226467 16
1754447083039 3.1815048724009736 17
1754447088995 3.1816284793059784 18
1754447095059 3.099954047475668 19
1754447101445 3.0620148796652784 20
1754447107816 3.0529338001055386 21
1754447114636 3.052355302776829 22
1754447121679 2.9826201570613917 23
1754447129283 2.9563739123550814 24
1754447135933 2.9049402168772858 25
1754447142500 2.886836983991795 26
1754447148435 2.9143624989353643 27
1754447154185 2.8877465432030145 28
1754447159374 2.852889555311151 29
1754447164684 2.840333812521076 30
1754447169862 2.7827800581034396 31
1754447174896 2.734808171850357 32
1754447181055 2.753211332129228 33
1754447186705 2.7402836798877255 34
1754447192883 2.7359368776347064 35
1754447198967 2.70721470149336 36
1754447204532 2.694517296633307 37
1754447209507 2.7325733298299313 38
1754447214406 2.66222048187819 39
1754447220312 2.6531879509526157 40
1754447226640 2.641859448852003 41
1754447232405 2.625249641134572 42
1754447238171 2.637571412518159 43
1754447244151 2.6354898289040305 44
1754447250590 2.6031393187153706 45
1754447257021 2.545080067354958 46
1754447263632 2.5915075480919927 47
1754447269106 2.5783045553062727 48
1754447274873 2.5560033279832903 49
1754447280151 2.529952010707107 50
1754447285519 2.5035275582650947 51
1754447292252 2.4904436222910906 52
1754447298676 2.535664956066106 53
1754447304810 2.5410466403228273 54
1754447310989 2.5329309678330247 55
1754447317496 2.4545371101772786 56
1754447323277 2.467496099716011 57
1754447328854 2.4507465412732126 58
1754447334254 2.4665853261408244 59
1754447339428 2.4845715211073918 60
1754447345598 2.4984755009275292 61
1754447351120 2.4236519490735025 62
1754447358717 2.415041542759969 63
1754447365717 2.374761589485412 64
1754447371489 2.4311021402687714 65
1754447377044 2.385268651698262 66
1754447382624 2.3807841133444794 67
1754447388286 2.393016877688101 68
1754447394121 2.402699152831283 69
1754447399675 2.386438534329955 70
1754447405866 2.36092547098365 71
