1754451048202 5.269207411387156 0
1754451054015 4.852639806148767 1
1754451063686 4.570297892008012 2
1754451069898 4.366870807243162 3
1754451076312 4.154037841073039 4
1754451081726 4.003950088100721 5
1754451087282 3.8929588363931806 6
1754451092732 3.787895678406975 7
1754451098939 3.7050426687922897 8
1754451104967 3.6224054426831684 9
1754451110356 3.536615755719778 10
1754451117337 3.4621634845558473 11
1754451123762 3.3933201635380135 12
1754451129851 3.33755627639174 13
1754451136161 3.2560862758636095 14
1754451141627 3.201415215179614 15
1754451148151 3.175031313759081 16
1754451153772 3.173895815443649 17
1754451160362 3.094350078477216 18
1754451166810 3.093921218166199 19
1754451173626 3.0766346715685065 20
1754451181352 3.028758347974226 21
1754451188004 2.975280684563736 22
1754451194541 2.993257112674137 23
1754451201905 2.933511371578949 24
1754451207749 2.9329459436026117 25
1754451214302 2.8939172580798385 26
1754451220456 2.8265178537531295 27
1754451227632 2.8668503497210436 28
1754451235682 2.820690048073664 29
1754451242581 2.7856535053072706 30
1754451247746 2.79069872424766 31
1754451254867 2.797727800706763 32
1754451261764 2.756570723559352 33
1754451268166 2.73960179622156 34
1754451274569 2.707396793558532 35
1754451280004 2.730907297320144 36
1754451284715 2.6929680596656063 37
1754451291165 2.645817378172313 38
1754451298423 2.64470583170309 39
1754451306559 2.620833020704777 40
1754451315212 2.617350166319151 41
1754451322773 2.597066718883302 42
1754451333417 2.58217166273549 43
1754451340371 2.559120662333653 44
1754451346744 2.565471853181374 45
1754451353943 2.5188570545626314 46
1754451361375 2.5471314407014503 47
1754451367023 2.5513574616000096 48
1754451373819 2.5460772767830413 49
1754451379283 2.5108700679761715 50
1754451384238 2.5476196910219597 51
1754451389478 2.477690765640805 52
1754451394519 2.4908879318400268 53
1754451399666 2.4998462176972374 54
1754451404929 2.48561146141291 55
1754451410910 2.4929690145707246 56
1754451417413 2.48163344059364 57
1754451423700 2.4756669006978207 58
1754451429891 2.441908844727378 59
1754451436852 2.4130442628641737 60
1754451442710 2.4375927525825296 61
1754451448364 2.436080701650482 62
1754451454213 2.3752717370442276 63
1754451461231 2.3774938687444567 64
1754451467748 2.415155626059725 65
1754451473050 2.360089595010796 66
1754451479432 2.3978937951692343 67
1754451486462 2.3860846404100524 68
1754451492922 2.363595524462681 69
1754451498913 2.391485718838871 70
1754451505115 2.365283977177101 71
1754451510759 2.349302796819234 72
1754451516756 2.4201562181358467 73
1754451523707 2.3892436758943436 74
1754451530115 2.340079267947956 75
1754451536763 2.32558398176651 76
1754451542813 2.3414985397204866 77
1754451549655 2.3290142958302487 78
1754451556224 2.351232646780693 79
1754451562400 2.3258937012952052 80
1754451568599 2.3021216220521765 81
1754451574361 2.3394106005901456 82
1754451579315 2.2887906622722025 83
1754451584307 2.307026272561746 84
1754451589780 2.330887283289313 85
1754451596363 2.279325745950022 86
1754451604260 2.272191966905932 87
1754451610069 2.300411751292339 88
1754451615744 2.258032566689498 89
1754451621762 2.2882352276015228 90
1754451627959 2.250372727881864 91
1754451633108 2.2489942432349723 92
1754451638228 2.2757940417326696 93
1754451643184 2.272070829423872 94
1754451647673 2.2680018006433484 95
1754451652009 2.272832736525353 96
1754451657968 2.2385944839528302 97
1754451665753 2.2428080875933154 98
1754451670645 2.2002588259937315 99
