1754447536885 5.393687128550171 0
1754447544094 4.927481128901582 1
1754447555990 4.560115379003769 2
1754447564342 4.35175287344191 3
1754447574135 4.137507613240465 4
1754447584727 4.021275938790873 5
1754447592865 3.8883302732654057 6
1754447599780 3.7793700328336457 7
1754447607120 3.6936392336306616 8
1754447614215 3.632308018475972 9
1754447622544 3.557037243485431 10
1754447629633 3.489055573868699 11
1754447638120 3.411986830408433 12
1754447645659 3.3640293059380446 13
1754447654408 3.293729441053435 14
1754447662005 3.2153485517981326 15
1754447669329 3.19648464726898 16
1754447676884 3.1487080379327863 17
1754447685096 3.108678078465543 18
1754447693755 3.097068274094933 19
1754447702266 3.0797079646998196 20
1754447710108 2.999495490991301 21
1754447718772 2.993256166403434 22
1754447727904 2.970881516255757 23
1754447737543 2.943189509759254 24
