1754447001432 5.624274155615748 0
1754447006970 5.066197540477057 1
1754447012562 4.701094655452762 2
1754447016475 4.4167484831478205 3
1754447021257 4.276609367143053 4
1754447026799 4.08047759198411 5
1754447031588 3.9635402328119453 6
1754447036283 3.836619407214912 7
1754447041964 3.748449375887065 8
1754447047089 3.681342370088372 9
1754447052370 3.6076027650322264 10
1754447057679 3.5203866186677257 11
1754447062959 3.4791796656845424 12
1754447068214 3.4304767444830624 13
1754447073176 3.3314858053653444 14
1754447078797 3.284802958641983 15
1754447083620 3.256285046226467 16
1754447088799 3.1815048724009736 17
1754447093932 3.1816284793059784 18
1754447099001 3.099954047475668 19
1754447104019 3.0620148796652784 20
1754447109890 3.0529338001055386 21
1754447115764 3.052355302776829 22
1754447122049 2.9826201570613917 23
1754447128197 2.9563739123550814 24
1754447133801 2.9049402168772858 25
1754447139380 2.886836983991795 26
1754447144712 2.9143624989353643 27
1754447150227 2.8877465432030145 28
1754447155973 2.852889555311151 29
1754447161746 2.840333812521076 30
1754447167646 2.7827800581034396 31
1754447173753 2.734808171850357 32
1754447179782 2.753211332129228 33
1754447185228 2.7402836798877255 34
1754447191437 2.7359368776347064 35
1754447197803 2.70721470149336 36
1754447203566 2.694517296633307 37
1754447209741 2.7325733298299313 38
1754447215910 2.66222048187819 39
1754447222010 2.6531879509526157 40
1754447229018 2.641859448852003 41
1754447235446 2.625249641134572 42
1754447242610 2.637571412518159 43
1754447250042 2.6354898289040305 44
1754447257628 2.6031393187153706 45
1754447264122 2.545080067354958 46
1754447270156 2.5915075480919927 47
1754447275628 2.5783045553062727 48
1754447281672 2.5560033279832903 49
1754447288706 2.529952010707107 50
1754447296084 2.5035275582650947 51
1754447304160 2.4904436222910906 52
1754447311306 2.535664956066106 53
1754447318162 2.5410466403228273 54
1754447324674 2.5329309678330247 55
1754447332012 2.4545371101772786 56
1754447340222 2.467496099716011 57
1754447347224 2.4507465412732126 58
1754447352718 2.4665853261408244 59
1754447359256 2.4845715211073918 60
1754447366033 2.4984755009275292 61
1754447373526 2.4236519490735025 62
1754447379403 2.415041542759969 63
1754447385139 2.374761589485412 64
1754447390578 2.4311021402687714 65
1754447396119 2.385268651698262 66
1754447401378 2.3807841133444794 67
1754447408694 2.393016877688101 68
