1754451044911 5.269207411387156 0
1754451051199 4.852639806148767 1
1754451057290 4.570297892008012 2
1754451063328 4.366870807243162 3
1754451070443 4.154037841073039 4
1754451076621 4.003950088100721 5
1754451082514 3.8929588363931806 6
1754451088113 3.787895678406975 7
1754451094549 3.7050426687922897 8
1754451100025 3.6224054426831684 9
1754451106374 3.536615755719778 10
1754451112253 3.4621634845558473 11
1754451118835 3.3933201635380135 12
1754451125324 3.33755627639174 13
1754451131239 3.2560862758636095 14
1754451137254 3.201415215179614 15
1754451143206 3.175031313759081 16
1754451149165 3.173895815443649 17
1754451155843 3.094350078477216 18
1754451162142 3.093921218166199 19
1754451168374 3.0766346715685065 20
1754451175453 3.028758347974226 21
1754451182601 2.975280684563736 22
1754451189508 2.993257112674137 23
1754451195781 2.933511371578949 24
1754451202007 2.9329459436026117 25
1754451207617 2.8939172580798385 26
1754451213229 2.8265178537531295 27
1754451219438 2.8668503497210436 28
1754451225733 2.820690048073664 29
1754451233010 2.7856535053072706 30
1754451239311 2.79069872424766 31
1754451246168 2.797727800706763 32
1754451253445 2.756570723559352 33
1754451259240 2.73960179622156 34
1754451265392 2.707396793558532 35
1754451270859 2.730907297320144 36
1754451277258 2.6929680596656063 37
1754451282138 2.645817378172313 38
1754451287610 2.64470583170309 39
1754451293269 2.620833020704777 40
1754451299051 2.617350166319151 41
1754451305221 2.597066718883302 42
1754451310617 2.58217166273549 43
1754451316756 2.559120662333653 44
1754451321390 2.565471853181374 45
1754451327715 2.5188570545626314 46
1754451335004 2.5471314407014503 47
1754451340635 2.5513574616000096 48
1754451346923 2.5460772767830413 49
1754451353335 2.5108700679761715 50
1754451358899 2.5476196910219597 51
1754451364874 2.477690765640805 52
1754451372224 2.4908879318400268 53
1754451377484 2.4998462176972374 54
1754451382396 2.48561146141291 55
1754451389708 2.4929690145707246 56
1754451395019 2.48163344059364 57
1754451400858 2.4756669006978207 58
1754451406323 2.441908844727378 59
1754451412416 2.4130442628641737 60
1754451419916 2.4375927525825296 61
1754451426574 2.436080701650482 62
1754451434170 2.3752717370442276 63
1754451440255 2.3774938687444567 64
1754451445667 2.415155626059725 65
1754451452204 2.360089595010796 66
1754451458260 2.3978937951692343 67
1754451464159 2.3860846404100524 68
1754451470631 2.363595524462681 69
1754451477117 2.391485718838871 70
1754451484205 2.365283977177101 71
1754451491769 2.349302796819234 72
1754451498743 2.4201562181358467 73
1754451505830 2.3892436758943436 74
1754451511254 2.340079267947956 75
1754451518155 2.32558398176651 76
1754451524554 2.3414985397204866 77
1754451531303 2.3290142958302487 78
1754451537842 2.351232646780693 79
1754451544715 2.3258937012952052 80
1754451550763 2.3021216220521765 81
1754451556429 2.3394106005901456 82
1754451561782 2.2887906622722025 83
1754451566806 2.307026272561746 84
1754451571334 2.330887283289313 85
1754451576678 2.279325745950022 86
1754451581449 2.272191966905932 87
1754451586304 2.300411751292339 88
1754451592009 2.258032566689498 89
1754451597796 2.2882352276015228 90
1754451604126 2.250372727881864 91
1754451609665 2.2489942432349723 92
1754451616408 2.2757940417326696 93
1754451622014 2.272070829423872 94
1754451627466 2.2680018006433484 95
1754451633294 2.272832736525353 96
1754451638539 2.2385944839528302 97
1754451643446 2.2428080875933154 98
1754451647805 2.2002588259937315 99
