1754451042901 5.269207411387156 0
1754451049162 4.852639806148767 1
1754451058418 4.570297892008012 2
1754451065449 4.366870807243162 3
1754451072299 4.154037841073039 4
1754451078777 4.003950088100721 5
1754451084325 3.8929588363931806 6
1754451090044 3.787895678406975 7
1754451096115 3.7050426687922897 8
1754451102072 3.6224054426831684 9
1754451108204 3.536615755719778 10
1754451114563 3.4621634845558473 11
1754451120988 3.3933201635380135 12
1754451127999 3.33755627639174 13
1754451133974 3.2560862758636095 14
1754451139859 3.201415215179614 15
1754451146124 3.175031313759081 16
1754451152556 3.173895815443649 17
1754451157906 3.094350078477216 18
1754451163956 3.093921218166199 19
1754451169237 3.0766346715685065 20
1754451174926 3.028758347974226 21
1754451180490 2.975280684563736 22
1754451186446 2.993257112674137 23
1754451192257 2.933511371578949 24
1754451197673 2.9329459436026117 25
1754451203067 2.8939172580798385 26
1754451208638 2.8265178537531295 27
1754451213621 2.8668503497210436 28
1754451218408 2.820690048073664 29
1754451224092 2.7856535053072706 30
1754451229833 2.79069872424766 31
1754451236107 2.797727800706763 32
1754451241994 2.756570723559352 33
1754451248242 2.73960179622156 34
1754451254156 2.707396793558532 35
1754451259490 2.730907297320144 36
1754451264960 2.6929680596656063 37
1754451270379 2.645817378172313 38
1754451275558 2.64470583170309 39
1754451280212 2.620833020704777 40
1754451284985 2.617350166319151 41
1754451290676 2.597066718883302 42
1754451296368 2.58217166273549 43
1754451302255 2.559120662333653 44
1754451308055 2.565471853181374 45
1754451314109 2.5188570545626314 46
1754451319540 2.5471314407014503 47
1754451325827 2.5513574616000096 48
1754451332684 2.5460772767830413 49
1754451338833 2.5108700679761715 50
1754451344695 2.5476196910219597 51
1754451351277 2.477690765640805 52
1754451358592 2.4908879318400268 53
1754451365104 2.4998462176972374 54
1754451372850 2.48561146141291 55
1754451381134 2.4929690145707246 56
1754451387815 2.48163344059364 57
1754451394831 2.4756669006978207 58
1754451401121 2.441908844727378 59
1754451407115 2.4130442628641737 60
1754451413744 2.4375927525825296 61
1754451419211 2.436080701650482 62
1754451424737 2.3752717370442276 63
1754451430276 2.3774938687444567 64
1754451436256 2.415155626059725 65
1754451441235 2.360089595010796 66
1754451446874 2.3978937951692343 67
1754451451687 2.3860846404100524 68
1754451457170 2.363595524462681 69
1754451461746 2.391485718838871 70
1754451466299 2.365283977177101 71
1754451472037 2.349302796819234 72
1754451477350 2.4201562181358467 73
1754451483638 2.3892436758943436 74
1754451489491 2.340079267947956 75
1754451495697 2.32558398176651 76
1754451501021 2.3414985397204866 77
1754451506131 2.3290142958302487 78
1754451511685 2.351232646780693 79
1754451517406 2.3258937012952052 80
1754451522634 2.3021216220521765 81
1754451528566 2.3394106005901456 82
1754451535058 2.2887906622722025 83
1754451541587 2.307026272561746 84
1754451547798 2.330887283289313 85
1754451553406 2.279325745950022 86
1754451559225 2.272191966905932 87
1754451565635 2.300411751292339 88
1754451570653 2.258032566689498 89
1754451576517 2.2882352276015228 90
1754451582313 2.250372727881864 91
1754451587722 2.2489942432349723 92
1754451594008 2.2757940417326696 93
1754451600356 2.272070829423872 94
1754451607670 2.2680018006433484 95
1754451614266 2.272832736525353 96
1754451620925 2.2385944839528302 97
1754451627369 2.2428080875933154 98
1754451636132 2.2002588259937315 99
