1754451773244 5.689493923960436 0
1754451782341 5.115466509996314 1
1754451793004 4.680890737382053 2
1754451798759 4.326963352619921 3
1754451804268 4.109419340790805 4
1754451809592 3.988218224073411 5
1754451816560 3.837978535596054 6
1754451822244 3.723652089925218 7
1754451827658 3.61380632062033 8
1754451833547 3.543685572163903 9
1754451840961 3.4502608088173408 10
1754451849532 3.3704536613766334 11
1754451854934 3.3619522597604248 12
1754451861497 3.285519107595295 13
1754451866863 3.1939147665608987 14
1754451872879 3.1971809178115973 15
1754451878972 3.1147836693520343 16
1754451885620 3.1097285443100358 17
1754451893584 3.046777524410618 18
1754451899885 3.023442956942569 19
1754451906891 2.952157548645798 20
1754451912795 3.022113801104834 21
1754451918246 2.9360303907913705 22
1754451923558 2.900406509732808 23
1754451929047 2.85795194781913 24
1754451934387 2.8927502013558914 25
1754451939447 2.826094028617245 26
1754451945614 2.797988162301171 27
1754451950863 2.7736087872453323 28
1754451957217 2.77862852440923 29
1754451963628 2.7778459967973785 30
1754451969855 2.7372013300617044 31
1754451975613 2.703831934728284 32
1754451980480 2.716051775457189 33
1754451985667 2.7185908364425546 34
1754451990481 2.692715578167536 35
1754451996234 2.6382436713233797 36
1754452003752 2.635864565576976 37
1754452011782 2.652994142351079 38
1754452017763 2.625281073041197 39
1754452023705 2.614600359452316 40
1754452030288 2.5983790731341156 41
1754452035892 2.5764555436094585 42
1754452041394 2.569985004375638 43
1754452045944 2.5305099687064043 44
1754452051158 2.549042367747233 45
1754452056445 2.5421609734655473 46
1754452062780 2.5187450099538524 47
1754452069334 2.518030534892809 48
1754452075429 2.515528001458765 49
1754452082767 2.5422419537605423 50
1754452089266 2.4828806752222454 51
1754452095768 2.470700699845993 52
1754452102117 2.4239663004012506 53
