1754446981303 5.624274155615748 0
1754446987087 5.066197540477057 1
1754446999818 4.701094655452762 2
1754447007014 4.4167484831478205 3
1754447013786 4.276609367143053 4
1754447020091 4.08047759198411 5
1754447027056 3.9635402328119453 6
1754447033343 3.836619407214912 7
1754447040004 3.748449375887065 8
1754447047558 3.681342370088372 9
1754447055018 3.6076027650322264 10
1754447061497 3.5203866186677257 11
1754447068837 3.4791796656845424 12
1754447075707 3.4304767444830624 13
1754447082502 3.3314858053653444 14
1754447089166 3.284802958641983 15
1754447096028 3.256285046226467 16
1754447102767 3.1815048724009736 17
1754447110304 3.1816284793059784 18
1754447117434 3.099954047475668 19
1754447124380 3.0620148796652784 20
1754447131611 3.0529338001055386 21
1754447138277 3.052355302776829 22
1754447145457 2.9826201570613917 23
1754447152198 2.9563739123550814 24
1754447158741 2.9049402168772858 25
1754447165136 2.886836983991795 26
1754447172574 2.9143624989353643 27
1754447180012 2.8877465432030145 28
1754447187597 2.852889555311151 29
1754447195619 2.840333812521076 30
1754447203775 2.7827800581034396 31
1754447211350 2.734808171850357 32
1754447219557 2.753211332129228 33
1754447228903 2.7402836798877255 34
1754447237586 2.7359368776347064 35
1754447245127 2.70721470149336 36
1754447254335 2.694517296633307 37
1754447263403 2.7325733298299313 38
1754447272264 2.66222048187819 39
1754447280532 2.6531879509526157 40
1754447289879 2.641859448852003 41
1754447298850 2.625249641134572 42
1754447308110 2.637571412518159 43
1754447313297 2.6354898289040305 44
1754447319839 2.6031393187153706 45
1754447325105 2.545080067354958 46
1754447329532 2.5915075480919927 47
1754447334767 2.5783045553062727 48
1754447340256 2.5560033279832903 49
1754447345123 2.529952010707107 50
1754447350514 2.5035275582650947 51
1754447356168 2.4904436222910906 52
1754447362418 2.535664956066106 53
1754447367801 2.5410466403228273 54
1754447374112 2.5329309678330247 55
1754447379506 2.4545371101772786 56
1754447384933 2.467496099716011 57
1754447390514 2.4507465412732126 58
1754447395239 2.4665853261408244 59
1754447400354 2.4845715211073918 60
1754447405880 2.4984755009275292 61
