1754451773062 5.689493923960436 0
1754451780305 5.115466509996314 1
1754451788089 4.680890737382053 2
1754451796761 4.326963352619921 3
1754451803120 4.109419340790805 4
1754451809278 3.988218224073411 5
1754451817324 3.837978535596054 6
1754451824702 3.723652089925218 7
1754451831834 3.61380632062033 8
1754451837650 3.543685572163903 9
1754451843226 3.4502608088173408 10
1754451848499 3.3704536613766334 11
1754451853741 3.3619522597604248 12
1754451858272 3.285519107595295 13
1754451863407 3.1939147665608987 14
1754451868016 3.1971809178115973 15
1754451873747 3.1147836693520343 16
1754451879574 3.1097285443100358 17
1754451885783 3.046777524410618 18
1754451891637 3.023442956942569 19
1754451898523 2.952157548645798 20
1754451903552 3.022113801104834 21
1754451909888 2.9360303907913705 22
1754451914316 2.900406509732808 23
1754451919944 2.85795194781913 24
1754451925248 2.8927502013558914 25
1754451930521 2.826094028617245 26
1754451936102 2.797988162301171 27
1754451941226 2.7736087872453323 28
1754451947278 2.77862852440923 29
1754451953120 2.7778459967973785 30
1754451958759 2.7372013300617044 31
1754451964536 2.703831934728284 32
1754451971025 2.716051775457189 33
1754451976375 2.7185908364425546 34
1754451981885 2.692715578167536 35
1754451988262 2.6382436713233797 36
1754451992610 2.635864565576976 37
1754451998005 2.652994142351079 38
1754452003325 2.625281073041197 39
1754452008673 2.614600359452316 40
1754452013782 2.5983790731341156 41
1754452019086 2.5764555436094585 42
1754452024686 2.569985004375638 43
1754452030735 2.5305099687064043 44
1754452035588 2.549042367747233 45
1754452041092 2.5421609734655473 46
1754452046860 2.5187450099538524 47
1754452051840 2.518030534892809 48
1754452057235 2.515528001458765 49
1754452063331 2.5422419537605423 50
1754452069562 2.4828806752222454 51
1754452074926 2.470700699845993 52
1754452081997 2.4239663004012506 53
1754452088079 2.4499720193762897 54
1754452093821 2.452335106194972 55
1754452099630 2.418979954223728 56
1754452105231 2.428194949076665 57
