1754447544765 5.393687128550171 0
1754447555305 4.927481128901582 1
1754447566369 4.560115379003769 2
1754447578452 4.35175287344191 3
1754447586874 4.137507613240465 4
1754447595135 4.021275938790873 5
1754447602941 3.8883302732654057 6
1754447609936 3.7793700328336457 7
1754447617466 3.6936392336306616 8
1754447624922 3.632308018475972 9
1754447633444 3.557037243485431 10
1754447641558 3.489055573868699 11
1754447649790 3.411986830408433 12
1754447658453 3.3640293059380446 13
1754447666831 3.293729441053435 14
1754447676071 3.2153485517981326 15
1754447683992 3.19648464726898 16
1754447694074 3.1487080379327863 17
1754447703781 3.108678078465543 18
1754447713210 3.097068274094933 19
1754447722356 3.0797079646998196 20
1754447734353 2.999495490991301 21
1754447744595 2.993256166403434 22
