1754447536381 5.393687128550171 0
1754447546735 4.927481128901582 1
1754447554583 4.560115379003769 2
1754447562572 4.35175287344191 3
1754447570999 4.137507613240465 4
1754447580862 4.021275938790873 5
1754447589083 3.8883302732654057 6
1754447597333 3.7793700328336457 7
1754447604350 3.6936392336306616 8
1754447612288 3.632308018475972 9
1754447619171 3.557037243485431 10
1754447627721 3.489055573868699 11
1754447635319 3.411986830408433 12
1754447643434 3.3640293059380446 13
1754447651051 3.293729441053435 14
1754447659987 3.2153485517981326 15
1754447667282 3.19648464726898 16
1754447675451 3.1487080379327863 17
1754447683398 3.108678078465543 18
1754447692625 3.097068274094933 19
1754447700629 3.0797079646998196 20
1754447708750 2.999495490991301 21
1754447717859 2.993256166403434 22
1754447726623 2.970881516255757 23
1754447735910 2.943189509759254 24
