1754451773916 5.689493923960436 0
1754451780974 5.115466509996314 1
1754451787780 4.680890737382053 2
1754451794328 4.326963352619921 3
1754451802595 4.109419340790805 4
1754451811576 3.988218224073411 5
1754451820597 3.837978535596054 6
1754451826586 3.723652089925218 7
1754451831942 3.61380632062033 8
1754451837624 3.543685572163903 9
1754451843895 3.4502608088173408 10
1754451849170 3.3704536613766334 11
1754451855621 3.3619522597604248 12
1754451862617 3.285519107595295 13
1754451867761 3.1939147665608987 14
1754451874058 3.1971809178115973 15
1754451879176 3.1147836693520343 16
1754451885085 3.1097285443100358 17
1754451891209 3.046777524410618 18
1754451897951 3.023442956942569 19
1754451904771 2.952157548645798 20
1754451910600 3.022113801104834 21
1754451916396 2.9360303907913705 22
1754451922320 2.900406509732808 23
1754451928552 2.85795194781913 24
1754451934463 2.8927502013558914 25
1754451940297 2.826094028617245 26
1754451948096 2.797988162301171 27
1754451955110 2.7736087872453323 28
1754451963453 2.77862852440923 29
1754451972210 2.7778459967973785 30
1754451980072 2.7372013300617044 31
1754451987011 2.703831934728284 32
1754451994806 2.716051775457189 33
1754452001976 2.7185908364425546 34
1754452010450 2.692715578167536 35
1754452017734 2.6382436713233797 36
1754452026033 2.635864565576976 37
1754452034231 2.652994142351079 38
1754452042193 2.625281073041197 39
1754452049684 2.614600359452316 40
1754452057371 2.5983790731341156 41
1754452065013 2.5764555436094585 42
1754452074309 2.569985004375638 43
1754452083061 2.5305099687064043 44
1754452091371 2.549042367747233 45
1754452096105 2.5421609734655473 46
1754452101678 2.5187450099538524 47
1754452106260 2.518030534892809 48
