1754451043832 5.269207411387156 0
1754451050423 4.852639806148767 1
1754451060843 4.570297892008012 2
1754451076033 4.366870807243162 3
1754451083311 4.154037841073039 4
1754451091306 4.003950088100721 5
1754451098044 3.8929588363931806 6
1754451107242 3.787895678406975 7
1754451115392 3.7050426687922897 8
1754451124408 3.6224054426831684 9
1754451133511 3.536615755719778 10
1754451140821 3.4621634845558473 11
1754451145932 3.3933201635380135 12
1754451150429 3.33755627639174 13
1754451155592 3.2560862758636095 14
1754451160297 3.201415215179614 15
1754451165673 3.175031313759081 16
1754451171684 3.173895815443649 17
1754451177195 3.094350078477216 18
1754451182859 3.093921218166199 19
1754451188171 3.0766346715685065 20
1754451194050 3.028758347974226 21
1754451199167 2.975280684563736 22
1754451203961 2.993257112674137 23
1754451209128 2.933511371578949 24
1754451214137 2.9329459436026117 25
1754451219700 2.8939172580798385 26
1754451225298 2.8265178537531295 27
1754451231251 2.8668503497210436 28
1754451237876 2.820690048073664 29
1754451243900 2.7856535053072706 30
1754451249747 2.79069872424766 31
1754451255706 2.797727800706763 32
1754451262225 2.756570723559352 33
1754451268188 2.73960179622156 34
1754451273733 2.707396793558532 35
1754451279966 2.730907297320144 36
1754451285774 2.6929680596656063 37
1754451292352 2.645817378172313 38
1754451299631 2.64470583170309 39
1754451306310 2.620833020704777 40
1754451313232 2.617350166319151 41
1754451319874 2.597066718883302 42
1754451326789 2.58217166273549 43
1754451333029 2.559120662333653 44
1754451340592 2.565471853181374 45
1754451348166 2.5188570545626314 46
1754451356084 2.5471314407014503 47
1754451364827 2.5513574616000096 48
1754451370499 2.5460772767830413 49
1754451377093 2.5108700679761715 50
1754451382290 2.5476196910219597 51
1754451387687 2.477690765640805 52
1754451393530 2.4908879318400268 53
1754451398729 2.4998462176972374 54
1754451404209 2.48561146141291 55
1754451409557 2.4929690145707246 56
1754451415804 2.48163344059364 57
1754451421816 2.4756669006978207 58
1754451428696 2.441908844727378 59
1754451435333 2.4130442628641737 60
1754451442950 2.4375927525825296 61
1754451448625 2.436080701650482 62
1754451454072 2.3752717370442276 63
1754451459741 2.3774938687444567 64
1754451465321 2.415155626059725 65
1754451470829 2.360089595010796 66
1754451476886 2.3978937951692343 67
1754451483659 2.3860846404100524 68
1754451489727 2.363595524462681 69
1754451495668 2.391485718838871 70
1754451502403 2.365283977177101 71
1754451507709 2.349302796819234 72
1754451512609 2.4201562181358467 73
1754451517828 2.3892436758943436 74
1754451523206 2.340079267947956 75
1754451529190 2.32558398176651 76
1754451534573 2.3414985397204866 77
1754451540455 2.3290142958302487 78
1754451546137 2.351232646780693 79
1754451552417 2.3258937012952052 80
1754451558498 2.3021216220521765 81
1754451565036 2.3394106005901456 82
1754451571916 2.2887906622722025 83
1754451577294 2.307026272561746 84
1754451582347 2.330887283289313 85
1754451587399 2.279325745950022 86
1754451593201 2.272191966905932 87
1754451599208 2.300411751292339 88
1754451605952 2.258032566689498 89
1754451612004 2.2882352276015228 90
1754451618608 2.250372727881864 91
1754451624044 2.2489942432349723 92
1754451629639 2.2757940417326696 93
1754451635067 2.272070829423872 94
1754451640899 2.2680018006433484 95
1754451647038 2.272832736525353 96
1754451654458 2.2385944839528302 97
1754451660843 2.2428080875933154 98
1754451665774 2.2002588259937315 99
