1754446993014 5.624274155615748 0
1754446998994 5.066197540477057 1
1754447003894 4.701094655452762 2
1754447009102 4.4167484831478205 3
1754447014831 4.276609367143053 4
1754447019409 4.08047759198411 5
1754447024927 3.9635402328119453 6
1754447029821 3.836619407214912 7
1754447035140 3.748449375887065 8
1754447040557 3.681342370088372 9
1754447046414 3.6076027650322264 10
1754447051727 3.5203866186677257 11
1754447057906 3.4791796656845424 12
1754447062921 3.4304767444830624 13
1754447068955 3.3314858053653444 14
1754447074997 3.284802958641983 15
1754447080150 3.256285046226467 16
1754447084982 3.1815048724009736 17
1754447089687 3.1816284793059784 18
1754447094144 3.099954047475668 19
1754447099493 3.0620148796652784 20
1754447104823 3.0529338001055386 21
1754447110961 3.052355302776829 22
1754447117873 2.9826201570613917 23
1754447122852 2.9563739123550814 24
1754447128480 2.9049402168772858 25
1754447134999 2.886836983991795 26
1754447140395 2.9143624989353643 27
1754447145516 2.8877465432030145 28
1754447151081 2.852889555311151 29
1754447155800 2.840333812521076 30
1754447161107 2.7827800581034396 31
1754447166373 2.734808171850357 32
1754447171796 2.753211332129228 33
1754447177186 2.7402836798877255 34
1754447182128 2.7359368776347064 35
1754447188116 2.70721470149336 36
1754447194355 2.694517296633307 37
1754447199686 2.7325733298299313 38
1754447204572 2.66222048187819 39
1754447209165 2.6531879509526157 40
1754447214279 2.641859448852003 41
1754447218685 2.625249641134572 42
1754447225061 2.637571412518159 43
1754447230916 2.6354898289040305 44
1754447236285 2.6031393187153706 45
1754447242697 2.545080067354958 46
1754447248204 2.5915075480919927 47
1754447254088 2.5783045553062727 48
1754447259715 2.5560033279832903 49
1754447264959 2.529952010707107 50
1754447269648 2.5035275582650947 51
1754447275220 2.4904436222910906 52
1754447280851 2.535664956066106 53
1754447287287 2.5410466403228273 54
1754447293483 2.5329309678330247 55
1754447298917 2.4545371101772786 56
1754447305249 2.467496099716011 57
1754447311811 2.4507465412732126 58
1754447318030 2.4665853261408244 59
1754447323105 2.4845715211073918 60
1754447328193 2.4984755009275292 61
1754447334670 2.4236519490735025 62
1754447340751 2.415041542759969 63
1754447347954 2.374761589485412 64
1754447354795 2.4311021402687714 65
1754447361512 2.385268651698262 66
1754447366542 2.3807841133444794 67
1754447373644 2.393016877688101 68
1754447378517 2.402699152831283 69
1754447383176 2.386438534329955 70
1754447388735 2.36092547098365 71
1754447393833 2.354540375261397 72
1754447398916 2.3296736379883263 73
1754447404897 2.3578367365093564 74
1754447409993 2.385855788842027 75
