1754447537548 5.393687128550171 0
1754447545013 4.927481128901582 1
1754447552563 4.560115379003769 2
1754447560208 4.35175287344191 3
1754447567717 4.137507613240465 4
1754447577145 4.021275938790873 5
1754447585970 3.8883302732654057 6
1754447595209 3.7793700328336457 7
1754447603545 3.6936392336306616 8
1754447612409 3.632308018475972 9
1754447621376 3.557037243485431 10
1754447630056 3.489055573868699 11
1754447638230 3.411986830408433 12
1754447645778 3.3640293059380446 13
1754447653500 3.293729441053435 14
1754447662087 3.2153485517981326 15
1754447669232 3.19648464726898 16
1754447676893 3.1487080379327863 17
1754447685256 3.108678078465543 18
1754447692721 3.097068274094933 19
1754447700793 3.0797079646998196 20
1754447708865 2.999495490991301 21
1754447717675 2.993256166403434 22
1754447725944 2.970881516255757 23
1754447734950 2.943189509759254 24
1754447742919 2.9524819396210056 25
