1754384006599 5.22412095734253 0
1754384007237 4.768526024377048 1
1754384007927 4.4568748517159165 2
1754384008607 4.2444035394883946 3
1754384009130 4.098152290540635 4
1754384009892 3.94421698625198 5
1754384010506 3.8358960355411758 6
1754384011309 3.7129149959314582 7
1754384011907 3.6296999701809662 8
1754384012657 3.5274307173005006 9
1754384013393 3.4592029073423016 10
1754384013989 3.4002018287081417 11
1754384015363 3.330369717833431 12
1754384016939 3.257477517123577 13
1754384017900 3.253231958416407 14
1754384021353 3.1969926386013605 15
1754384025342 3.141115752491452 16
1754384036322 3.0895953421855555 17
1754384045039 3.0869054762145804 18
1754384056422 3.0153576926403054 19
1754384060213 2.9858833314167668 20
1754384068384 2.9249498057791974 21
1754384081347 2.912779905829844 22
1754384088648 2.8877968314956663 23
1754384096290 2.885983158785269 24
