1754451776723 5.689493923960436 0
1754451784151 5.115466509996314 1
1754451797984 4.680890737382053 2
1754451804431 4.326963352619921 3
1754451811126 4.109419340790805 4
1754451819419 3.988218224073411 5
1754451826984 3.837978535596054 6
1754451835009 3.723652089925218 7
1754451843275 3.61380632062033 8
1754451849732 3.543685572163903 9
1754451856805 3.4502608088173408 10
1754451864581 3.3704536613766334 11
1754451870872 3.3619522597604248 12
1754451878452 3.285519107595295 13
1754451887227 3.1939147665608987 14
1754451897632 3.1971809178115973 15
1754451905977 3.1147836693520343 16
1754451913934 3.1097285443100358 17
1754451920840 3.046777524410618 18
1754451928391 3.023442956942569 19
1754451936304 2.952157548645798 20
1754451944970 3.022113801104834 21
1754451953240 2.9360303907913705 22
1754451959823 2.900406509732808 23
1754451966383 2.85795194781913 24
1754451972369 2.8927502013558914 25
1754451977444 2.826094028617245 26
1754451982543 2.797988162301171 27
1754451987642 2.7736087872453323 28
1754451992418 2.77862852440923 29
1754451997996 2.7778459967973785 30
1754452003789 2.7372013300617044 31
1754452008952 2.703831934728284 32
1754452014239 2.716051775457189 33
1754452019684 2.7185908364425546 34
1754452025529 2.692715578167536 35
1754452030797 2.6382436713233797 36
1754452036823 2.635864565576976 37
1754452042471 2.652994142351079 38
1754452047847 2.625281073041197 39
1754452052896 2.614600359452316 40
1754452059631 2.5983790731341156 41
1754452065409 2.5764555436094585 42
1754452071753 2.569985004375638 43
1754452077674 2.5305099687064043 44
1754452084156 2.549042367747233 45
1754452089693 2.5421609734655473 46
1754452094929 2.5187450099538524 47
1754452100628 2.518030534892809 48
1754452106785 2.515528001458765 49
