1754451031243 5.269207411387156 0
1754451037257 4.852639806148767 1
1754451044522 4.570297892008012 2
1754451053169 4.366870807243162 3
1754451059826 4.154037841073039 4
1754451068007 4.003950088100721 5
1754451074906 3.8929588363931806 6
1754451081488 3.787895678406975 7
1754451088050 3.7050426687922897 8
1754451095539 3.6224054426831684 9
1754451101826 3.536615755719778 10
1754451109382 3.4621634845558473 11
1754451116579 3.3933201635380135 12
1754451123799 3.33755627639174 13
1754451131353 3.2560862758636095 14
1754451138158 3.201415215179614 15
1754451145052 3.175031313759081 16
1754451152240 3.173895815443649 17
1754451160433 3.094350078477216 18
1754451168174 3.093921218166199 19
1754451177610 3.0766346715685065 20
1754451185883 3.028758347974226 21
1754451194692 2.975280684563736 22
1754451201945 2.993257112674137 23
1754451209819 2.933511371578949 24
1754451217059 2.9329459436026117 25
1754451225224 2.8939172580798385 26
1754451233212 2.8265178537531295 27
1754451241005 2.8668503497210436 28
1754451249716 2.820690048073664 29
1754451258248 2.7856535053072706 30
1754451265123 2.79069872424766 31
1754451272391 2.797727800706763 32
1754451279350 2.756570723559352 33
1754451286689 2.73960179622156 34
1754451296287 2.707396793558532 35
1754451305470 2.730907297320144 36
1754451312988 2.6929680596656063 37
1754451318383 2.645817378172313 38
1754451323359 2.64470583170309 39
1754451329615 2.620833020704777 40
1754451335481 2.617350166319151 41
1754451341627 2.597066718883302 42
1754451346945 2.58217166273549 43
1754451353658 2.559120662333653 44
1754451359876 2.565471853181374 45
1754451368010 2.5188570545626314 46
1754451374192 2.5471314407014503 47
1754451380405 2.5513574616000096 48
1754451385987 2.5460772767830413 49
1754451392264 2.5108700679761715 50
1754451398208 2.5476196910219597 51
1754451403774 2.477690765640805 52
1754451409936 2.4908879318400268 53
1754451416894 2.4998462176972374 54
1754451424718 2.48561146141291 55
1754451431749 2.4929690145707246 56
1754451439354 2.48163344059364 57
1754451445418 2.4756669006978207 58
1754451451635 2.441908844727378 59
1754451456895 2.4130442628641737 60
1754451463528 2.4375927525825296 61
1754451469423 2.436080701650482 62
1754451476185 2.3752717370442276 63
1754451484117 2.3774938687444567 64
1754451490091 2.415155626059725 65
1754451495545 2.360089595010796 66
1754451500983 2.3978937951692343 67
1754451506359 2.3860846404100524 68
1754451511610 2.363595524462681 69
1754451516820 2.391485718838871 70
1754451521935 2.365283977177101 71
1754451527455 2.349302796819234 72
1754451533025 2.4201562181358467 73
1754451540302 2.3892436758943436 74
1754451547282 2.340079267947956 75
1754451552785 2.32558398176651 76
1754451558491 2.3414985397204866 77
1754451563512 2.3290142958302487 78
1754451568984 2.351232646780693 79
1754451574367 2.3258937012952052 80
1754451579725 2.3021216220521765 81
1754451584342 2.3394106005901456 82
1754451589985 2.2887906622722025 83
1754451593924 2.307026272561746 84
1754451600742 2.330887283289313 85
1754451606291 2.279325745950022 86
1754451612052 2.272191966905932 87
1754451618146 2.300411751292339 88
1754451624514 2.258032566689498 89
1754451629970 2.2882352276015228 90
1754451637953 2.250372727881864 91
1754451643048 2.2489942432349723 92
1754451648707 2.2757940417326696 93
1754451654650 2.272070829423872 94
1754451659846 2.2680018006433484 95
1754451665009 2.272832736525353 96
1754451669492 2.2385944839528302 97
1754451673838 2.2428080875933154 98
1754451676953 2.2002588259937315 99
