1754447536547 5.393687128550171 0
1754447545792 4.927481128901582 1
1754447553921 4.560115379003769 2
1754447562074 4.35175287344191 3
1754447573493 4.137507613240465 4
1754447583301 4.021275938790873 5
1754447594589 3.8883302732654057 6
1754447603438 3.7793700328336457 7
1754447612980 3.6936392336306616 8
1754447622498 3.632308018475972 9
1754447632150 3.557037243485431 10
1754447642104 3.489055573868699 11
1754447651764 3.411986830408433 12
1754447661882 3.3640293059380446 13
1754447671436 3.293729441053435 14
1754447681838 3.2153485517981326 15
1754447692690 3.19648464726898 16
1754447704610 3.1487080379327863 17
1754447714988 3.108678078465543 18
1754447726977 3.097068274094933 19
1754447739173 3.0797079646998196 20
