1754451033803 5.269207411387156 0
1754451041448 4.852639806148767 1
1754451047802 4.570297892008012 2
1754451054081 4.366870807243162 3
1754451060676 4.154037841073039 4
1754451067605 4.003950088100721 5
1754451073210 3.8929588363931806 6
1754451079092 3.787895678406975 7
1754451084253 3.7050426687922897 8
1754451088976 3.6224054426831684 9
1754451093623 3.536615755719778 10
1754451098992 3.4621634845558473 11
1754451104273 3.3933201635380135 12
1754451110235 3.33755627639174 13
1754451115876 3.2560862758636095 14
1754451121893 3.201415215179614 15
1754451127626 3.175031313759081 16
1754451133002 3.173895815443649 17
1754451138894 3.094350078477216 18
1754451143868 3.093921218166199 19
1754451149041 3.0766346715685065 20
1754451155101 3.028758347974226 21
1754451161170 2.975280684563736 22
1754451166814 2.993257112674137 23
1754451172621 2.933511371578949 24
1754451179822 2.9329459436026117 25
1754451186175 2.8939172580798385 26
1754451191216 2.8265178537531295 27
1754451196422 2.8668503497210436 28
1754451202093 2.820690048073664 29
1754451207967 2.7856535053072706 30
1754451213250 2.79069872424766 31
1754451219326 2.797727800706763 32
1754451225335 2.756570723559352 33
1754451230823 2.73960179622156 34
1754451237815 2.707396793558532 35
1754451244072 2.730907297320144 36
1754451250838 2.6929680596656063 37
1754451256948 2.645817378172313 38
1754451262469 2.64470583170309 39
1754451269097 2.620833020704777 40
1754451274956 2.617350166319151 41
1754451282204 2.597066718883302 42
1754451289146 2.58217166273549 43
1754451295086 2.559120662333653 44
1754451302174 2.565471853181374 45
1754451307734 2.5188570545626314 46
1754451313698 2.5471314407014503 47
1754451319228 2.5513574616000096 48
1754451325072 2.5460772767830413 49
1754451331196 2.5108700679761715 50
1754451337114 2.5476196910219597 51
1754451343185 2.477690765640805 52
1754451349889 2.4908879318400268 53
1754451355069 2.4998462176972374 54
1754451361590 2.48561146141291 55
1754451367987 2.4929690145707246 56
1754451374011 2.48163344059364 57
1754451379668 2.4756669006978207 58
1754451384984 2.441908844727378 59
1754451391349 2.4130442628641737 60
1754451398309 2.4375927525825296 61
1754451406307 2.436080701650482 62
1754451412817 2.3752717370442276 63
1754451419268 2.3774938687444567 64
1754451425910 2.415155626059725 65
1754451431225 2.360089595010796 66
1754451436071 2.3978937951692343 67
1754451441348 2.3860846404100524 68
1754451446302 2.363595524462681 69
1754451451140 2.391485718838871 70
1754451456329 2.365283977177101 71
1754451461548 2.349302796819234 72
1754451466703 2.4201562181358467 73
1754451472181 2.3892436758943436 74
1754451478484 2.340079267947956 75
1754451485461 2.32558398176651 76
1754451490816 2.3414985397204866 77
1754451495884 2.3290142958302487 78
1754451501420 2.351232646780693 79
1754451507363 2.3258937012952052 80
1754451513001 2.3021216220521765 81
1754451518487 2.3394106005901456 82
1754451524241 2.2887906622722025 83
1754451529965 2.307026272561746 84
1754451536431 2.330887283289313 85
1754451542869 2.279325745950022 86
1754451548367 2.272191966905932 87
1754451553544 2.300411751292339 88
1754451558752 2.258032566689498 89
1754451564144 2.2882352276015228 90
1754451569233 2.250372727881864 91
1754451574264 2.2489942432349723 92
1754451579754 2.2757940417326696 93
1754451585463 2.272070829423872 94
1754451590354 2.2680018006433484 95
1754451596397 2.272832736525353 96
1754451602540 2.2385944839528302 97
1754451608167 2.2428080875933154 98
1754451614202 2.2002588259937315 99
