1754451054608 5.269207411387156 0
1754451060652 4.852639806148767 1
1754451067250 4.570297892008012 2
1754451073960 4.366870807243162 3
1754451079121 4.154037841073039 4
1754451084957 4.003950088100721 5
1754451090077 3.8929588363931806 6
1754451095500 3.787895678406975 7
1754451100260 3.7050426687922897 8
1754451105534 3.6224054426831684 9
1754451111685 3.536615755719778 10
1754451117770 3.4621634845558473 11
1754451123835 3.3933201635380135 12
1754451129684 3.33755627639174 13
1754451135308 3.2560862758636095 14
1754451140524 3.201415215179614 15
1754451146179 3.175031313759081 16
1754451151830 3.173895815443649 17
1754451157631 3.094350078477216 18
1754451163382 3.093921218166199 19
1754451169055 3.0766346715685065 20
1754451176394 3.028758347974226 21
1754451182867 2.975280684563736 22
1754451188373 2.993257112674137 23
1754451194470 2.933511371578949 24
1754451200369 2.9329459436026117 25
1754451206026 2.8939172580798385 26
1754451211656 2.8265178537531295 27
1754451217524 2.8668503497210436 28
1754451223404 2.820690048073664 29
1754451229687 2.7856535053072706 30
1754451235903 2.79069872424766 31
1754451242280 2.797727800706763 32
1754451247217 2.756570723559352 33
1754451253904 2.73960179622156 34
1754451259626 2.707396793558532 35
1754451265548 2.730907297320144 36
1754451271035 2.6929680596656063 37
1754451276134 2.645817378172313 38
1754451281129 2.64470583170309 39
1754451286577 2.620833020704777 40
1754451292994 2.617350166319151 41
1754451298881 2.597066718883302 42
1754451304399 2.58217166273549 43
1754451311226 2.559120662333653 44
1754451318052 2.565471853181374 45
1754451323704 2.5188570545626314 46
1754451330072 2.5471314407014503 47
1754451336398 2.5513574616000096 48
1754451341758 2.5460772767830413 49
1754451349078 2.5108700679761715 50
1754451355697 2.5476196910219597 51
1754451362477 2.477690765640805 52
1754451370409 2.4908879318400268 53
1754451378294 2.4998462176972374 54
1754451386117 2.48561146141291 55
1754451391983 2.4929690145707246 56
1754451399235 2.48163344059364 57
1754451405579 2.4756669006978207 58
1754451413670 2.441908844727378 59
1754451422885 2.4130442628641737 60
1754451431545 2.4375927525825296 61
1754451439990 2.436080701650482 62
1754451447994 2.3752717370442276 63
1754451455731 2.3774938687444567 64
1754451463511 2.415155626059725 65
1754451471980 2.360089595010796 66
1754451478624 2.3978937951692343 67
1754451487089 2.3860846404100524 68
1754451495163 2.363595524462681 69
1754451503798 2.391485718838871 70
1754451511873 2.365283977177101 71
1754451518688 2.349302796819234 72
1754451526132 2.4201562181358467 73
1754451533718 2.3892436758943436 74
1754451542517 2.340079267947956 75
1754451551033 2.32558398176651 76
1754451559884 2.3414985397204866 77
1754451567799 2.3290142958302487 78
1754451576313 2.351232646780693 79
1754451583992 2.3258937012952052 80
1754451592511 2.3021216220521765 81
1754451602118 2.3394106005901456 82
1754451611846 2.2887906622722025 83
1754451620998 2.307026272561746 84
1754451628803 2.330887283289313 85
1754451636733 2.279325745950022 86
1754451644476 2.272191966905932 87
1754451651340 2.300411751292339 88
1754451657582 2.258032566689498 89
1754451661698 2.2882352276015228 90
1754451666065 2.250372727881864 91
1754451670398 2.2489942432349723 92
1754451673014 2.2757940417326696 93
1754451675760 2.272070829423872 94
1754451679454 2.2680018006433484 95
1754451682419 2.272832736525353 96
1754451683879 2.2385944839528302 97
1754451686685 2.2428080875933154 98
1754451688322 2.2002588259937315 99
