1754451788422 5.689493923960436 0
1754451795371 5.115466509996314 1
1754451801446 4.680890737382053 2
1754451808426 4.326963352619921 3
1754451815095 4.109419340790805 4
1754451821136 3.988218224073411 5
1754451826868 3.837978535596054 6
1754451832356 3.723652089925218 7
1754451839635 3.61380632062033 8
1754451845043 3.543685572163903 9
1754451850272 3.4502608088173408 10
1754451855075 3.3704536613766334 11
1754451861102 3.3619522597604248 12
1754451866323 3.285519107595295 13
1754451871805 3.1939147665608987 14
1754451877753 3.1971809178115973 15
1754451884208 3.1147836693520343 16
1754451889788 3.1097285443100358 17
1754451897058 3.046777524410618 18
1754451904590 3.023442956942569 19
1754451910733 2.952157548645798 20
1754451916674 3.022113801104834 21
1754451922463 2.9360303907913705 22
1754451927575 2.900406509732808 23
1754451933169 2.85795194781913 24
1754451939905 2.8927502013558914 25
1754451947496 2.826094028617245 26
1754451954451 2.797988162301171 27
1754451959750 2.7736087872453323 28
1754451965883 2.77862852440923 29
1754451974102 2.7778459967973785 30
1754451979829 2.7372013300617044 31
1754451984974 2.703831934728284 32
1754451990121 2.716051775457189 33
1754451995766 2.7185908364425546 34
1754452001524 2.692715578167536 35
1754452007817 2.6382436713233797 36
1754452013468 2.635864565576976 37
1754452018471 2.652994142351079 38
1754452024653 2.625281073041197 39
1754452030035 2.614600359452316 40
1754452035273 2.5983790731341156 41
1754452040424 2.5764555436094585 42
1754452045384 2.569985004375638 43
1754452050177 2.5305099687064043 44
1754452054834 2.549042367747233 45
1754452061302 2.5421609734655473 46
1754452066757 2.5187450099538524 47
1754452071893 2.518030534892809 48
1754452077372 2.515528001458765 49
1754452083636 2.5422419537605423 50
1754452089646 2.4828806752222454 51
1754452095531 2.470700699845993 52
1754452100919 2.4239663004012506 53
1754452105846 2.4499720193762897 54
