1754383920449 5.22412095734253 0
1754383921227 4.768526024377048 1
1754383921752 4.4568748517159165 2
1754383922404 4.2444035394883946 3
1754383922859 4.098152290540635 4
1754383923352 3.94421698625198 5
1754383923847 3.8358960355411758 6
1754383924242 3.7129149959314582 7
1754383924674 3.6296999701809662 8
1754383925403 3.5274307173005006 9
1754383925930 3.4592029073423016 10
1754383926411 3.4002018287081417 11
1754383926980 3.330369717833431 12
1754383927779 3.257477517123577 13
1754383928358 3.253231958416407 14
1754383929074 3.1969926386013605 15
1754383929704 3.141115752491452 16
1754383930477 3.0895953421855555 17
1754383930955 3.0869054762145804 18
1754383931421 3.0153576926403054 19
1754383931952 2.9858833314167668 20
1754383932461 2.9249498057791974 21
1754383933133 2.912779905829844 22
1754383933822 2.8877968314956663 23
1754383934447 2.885983158785269 24
1754383935443 2.845500309440153 25
1754383936061 2.7849766167533647 26
1754383936944 2.786803713685726 27
1754383938113 2.773329397607588 28
1754383939212 2.739794940030582 29
1754383939626 2.749175017872306 30
1754383940117 2.710746401842424 31
1754383940541 2.67936993852741 32
1754383941091 2.6963377409280747 33
1754383941899 2.6447528901381956 34
1754383942501 2.6419796547847114 35
1754383943090 2.6160835106151614 36
1754383944045 2.6194810462087297 37
1754383944557 2.5663274525465427 38
1754383944921 2.534397589301628 39
1754383945598 2.577306581439287 40
1754383946177 2.577216416661103 41
1754383946988 2.5701966431542393 42
1754383947660 2.5308950202130904 43
1754383948162 2.52873418144985 44
1754383948868 2.4892513962445637 45
1754383949387 2.477887389571387 46
1754383949748 2.468861746738075 47
1754383950567 2.5067377652804375 48
1754383951672 2.4665568197000516 49
1754383952789 2.4468978947839406 50
1754383954157 2.4338873741560625 51
1754383954765 2.480035391300094 52
1754383955358 2.4213396015758217 53
1754383956448 2.43016028288545 54
1754383957389 2.3760612646471904 55
1754383958325 2.3885947851929705 56
1754383959176 2.43200491681624 57
1754383959910 2.4006525531029435 58
1754383960668 2.359831563316909 59
1754383961111 2.3560117390630073 60
1754383961581 2.3422599395308965 61
1754383962271 2.3684556968503245 62
1754383962807 2.3722785530630186 63
1754383963196 2.3304089210589236 64
1754383963683 2.3655061214317574 65
1754383964366 2.3123843521206604 66
1754383964813 2.298592191815273 67
1754383965495 2.286404385964013 68
1754383966091 2.268337412895554 69
1754383966589 2.2975253057849923 70
1754383967112 2.3007625078683063 71
1754383967624 2.293920528900255 72
1754383968171 2.306293622715251 73
1754383968839 2.264138684804382 74
1754383969497 2.2670269813897095 75
1754383970592 2.255744812798471 76
1754383971426 2.2602195920794745 77
1754383971984 2.2618017699954174 78
1754383972505 2.265930664378172 79
1754383973467 2.2450654919259603 80
1754383974268 2.235088519707601 81
1754383974983 2.2207608601230406 82
1754383975359 2.229432316335042 83
1754383975914 2.2212639780388606 84
1754383976458 2.209030924123643 85
1754383976840 2.201983625838543 86
1754383977185 2.251852280651134 87
1754383977715 2.2186247859822905 88
1754383978324 2.225691131900071 89
1754383978694 2.2368298349529177 90
1754383979166 2.21828175793345 91
1754383979602 2.173798349946725 92
1754383980239 2.1877996619017512 93
1754383980829 2.1503834640410626 94
1754383981438 2.1617442641855336 95
1754383982151 2.1839327174074263 96
1754383982750 2.1522063544934165 97
1754383983633 2.1979494064083562 98
1754383984223 2.1857591352220704 99
