1754451033422 5.269207411387156 0
1754451040885 4.852639806148767 1
1754451051351 4.570297892008012 2
1754451058041 4.366870807243162 3
1754451064452 4.154037841073039 4
1754451071216 4.003950088100721 5
1754451076573 3.8929588363931806 6
1754451081850 3.787895678406975 7
1754451087073 3.7050426687922897 8
1754451092039 3.6224054426831684 9
1754451097113 3.536615755719778 10
1754451103137 3.4621634845558473 11
1754451108909 3.3933201635380135 12
1754451114810 3.33755627639174 13
1754451120017 3.2560862758636095 14
1754451126792 3.201415215179614 15
1754451132138 3.175031313759081 16
1754451137379 3.173895815443649 17
1754451142606 3.094350078477216 18
1754451147543 3.093921218166199 19
1754451152982 3.0766346715685065 20
1754451158453 3.028758347974226 21
1754451164045 2.975280684563736 22
1754451169647 2.993257112674137 23
1754451175642 2.933511371578949 24
1754451181782 2.9329459436026117 25
1754451187026 2.8939172580798385 26
1754451193054 2.8265178537531295 27
1754451198072 2.8668503497210436 28
1754451203230 2.820690048073664 29
1754451208611 2.7856535053072706 30
1754451214408 2.79069872424766 31
1754451219654 2.797727800706763 32
1754451225023 2.756570723559352 33
1754451231370 2.73960179622156 34
1754451238530 2.707396793558532 35
1754451244870 2.730907297320144 36
1754451251178 2.6929680596656063 37
1754451256994 2.645817378172313 38
1754451263158 2.64470583170309 39
1754451268929 2.620833020704777 40
1754451274864 2.617350166319151 41
1754451281485 2.597066718883302 42
1754451287149 2.58217166273549 43
1754451294758 2.559120662333653 44
1754451301731 2.565471853181374 45
1754451308755 2.5188570545626314 46
1754451315532 2.5471314407014503 47
1754451321788 2.5513574616000096 48
1754451328888 2.5460772767830413 49
1754451337242 2.5108700679761715 50
1754451344439 2.5476196910219597 51
1754451354137 2.477690765640805 52
1754451363838 2.4908879318400268 53
1754451369344 2.4998462176972374 54
1754451375939 2.48561146141291 55
1754451380691 2.4929690145707246 56
1754451385843 2.48163344059364 57
1754451391042 2.4756669006978207 58
1754451396150 2.441908844727378 59
1754451402244 2.4130442628641737 60
1754451407791 2.4375927525825296 61
1754451413455 2.436080701650482 62
1754451419333 2.3752717370442276 63
1754451427042 2.3774938687444567 64
1754451433244 2.415155626059725 65
1754451439245 2.360089595010796 66
1754451444474 2.3978937951692343 67
1754451449971 2.3860846404100524 68
1754451455484 2.363595524462681 69
1754451460919 2.391485718838871 70
1754451466538 2.365283977177101 71
1754451472514 2.349302796819234 72
1754451478296 2.4201562181358467 73
1754451483298 2.3892436758943436 74
1754451489078 2.340079267947956 75
1754451494823 2.32558398176651 76
1754451500505 2.3414985397204866 77
1754451505854 2.3290142958302487 78
1754451511019 2.351232646780693 79
1754451516320 2.3258937012952052 80
1754451521263 2.3021216220521765 81
1754451527106 2.3394106005901456 82
1754451532589 2.2887906622722025 83
1754451538081 2.307026272561746 84
1754451543695 2.330887283289313 85
1754451549583 2.279325745950022 86
1754451554989 2.272191966905932 87
1754451560326 2.300411751292339 88
1754451565557 2.258032566689498 89
1754451571145 2.2882352276015228 90
1754451575498 2.250372727881864 91
1754451581131 2.2489942432349723 92
1754451587259 2.2757940417326696 93
1754451592939 2.272070829423872 94
1754451598912 2.2680018006433484 95
1754451604293 2.272832736525353 96
1754451610051 2.2385944839528302 97
1754451615789 2.2428080875933154 98
1754451621251 2.2002588259937315 99
