1754446989710 5.624274155615748 0
1754446997680 5.066197540477057 1
1754447004759 4.701094655452762 2
1754447011016 4.4167484831478205 3
1754447018193 4.276609367143053 4
1754447024227 4.08047759198411 5
1754447029472 3.9635402328119453 6
1754447034818 3.836619407214912 7
1754447039879 3.748449375887065 8
1754447046013 3.681342370088372 9
1754447052208 3.6076027650322264 10
1754447059511 3.5203866186677257 11
1754447064863 3.4791796656845424 12
1754447069993 3.4304767444830624 13
1754447075475 3.3314858053653444 14
1754447080828 3.284802958641983 15
1754447085929 3.256285046226467 16
1754447090768 3.1815048724009736 17
1754447096152 3.1816284793059784 18
1754447101682 3.099954047475668 19
1754447107500 3.0620148796652784 20
1754447113409 3.0529338001055386 21
1754447119210 3.052355302776829 22
1754447124561 2.9826201570613917 23
1754447129857 2.9563739123550814 24
1754447135449 2.9049402168772858 25
1754447141219 2.886836983991795 26
1754447146033 2.9143624989353643 27
1754447151054 2.8877465432030145 28
1754447157240 2.852889555311151 29
1754447162928 2.840333812521076 30
1754447169198 2.7827800581034396 31
1754447174586 2.734808171850357 32
1754447180089 2.753211332129228 33
1754447186084 2.7402836798877255 34
1754447191444 2.7359368776347064 35
1754447196998 2.70721470149336 36
1754447202786 2.694517296633307 37
1754447208048 2.7325733298299313 38
1754447214120 2.66222048187819 39
1754447219792 2.6531879509526157 40
1754447225903 2.641859448852003 41
1754447232266 2.625249641134572 42
1754447237654 2.637571412518159 43
1754447244324 2.6354898289040305 44
1754447251716 2.6031393187153706 45
1754447258517 2.545080067354958 46
1754447264379 2.5915075480919927 47
1754447270827 2.5783045553062727 48
1754447276320 2.5560033279832903 49
1754447281979 2.529952010707107 50
1754447288621 2.5035275582650947 51
1754447295351 2.4904436222910906 52
1754447301936 2.535664956066106 53
1754447309118 2.5410466403228273 54
1754447315824 2.5329309678330247 55
1754447321767 2.4545371101772786 56
1754447328812 2.467496099716011 57
1754447335973 2.4507465412732126 58
1754447342431 2.4665853261408244 59
1754447349747 2.4845715211073918 60
1754447357960 2.4984755009275292 61
1754447365523 2.4236519490735025 62
1754447374426 2.415041542759969 63
1754447381567 2.374761589485412 64
1754447390407 2.4311021402687714 65
1754447397920 2.385268651698262 66
1754447406741 2.3807841133444794 67
