1754451789615 5.689493923960436 0
1754451795954 5.115466509996314 1
1754451801281 4.680890737382053 2
1754451807073 4.326963352619921 3
1754451815050 4.109419340790805 4
1754451821561 3.988218224073411 5
1754451827631 3.837978535596054 6
1754451834564 3.723652089925218 7
1754451841288 3.61380632062033 8
1754451847781 3.543685572163903 9
1754451853302 3.4502608088173408 10
1754451860044 3.3704536613766334 11
1754451866054 3.3619522597604248 12
1754451871722 3.285519107595295 13
1754451879164 3.1939147665608987 14
1754451886534 3.1971809178115973 15
1754451895655 3.1147836693520343 16
1754451904532 3.1097285443100358 17
1754451912209 3.046777524410618 18
1754451919356 3.023442956942569 19
1754451926383 2.952157548645798 20
1754451932688 3.022113801104834 21
1754451940470 2.9360303907913705 22
1754451948973 2.900406509732808 23
1754451955919 2.85795194781913 24
1754451964178 2.8927502013558914 25
1754451970168 2.826094028617245 26
1754451977356 2.797988162301171 27
1754451984364 2.7736087872453323 28
1754451992709 2.77862852440923 29
1754452002886 2.7778459967973785 30
1754452009110 2.7372013300617044 31
1754452015528 2.703831934728284 32
1754452022304 2.716051775457189 33
1754452030588 2.7185908364425546 34
1754452036836 2.692715578167536 35
1754452042849 2.6382436713233797 36
1754452049174 2.635864565576976 37
1754452054593 2.652994142351079 38
1754452061815 2.625281073041197 39
1754452068546 2.614600359452316 40
1754452075323 2.5983790731341156 41
1754452083132 2.5764555436094585 42
1754452090244 2.569985004375638 43
1754452097608 2.5305099687064043 44
1754452102380 2.549042367747233 45
