1754451776305 5.689493923960436 0
1754451782856 5.115466509996314 1
1754451790584 4.680890737382053 2
1754451797342 4.326963352619921 3
1754451804652 4.109419340790805 4
1754451811652 3.988218224073411 5
1754451819316 3.837978535596054 6
1754451827844 3.723652089925218 7
1754451836994 3.61380632062033 8
1754451845726 3.543685572163903 9
1754451853342 3.4502608088173408 10
1754451861334 3.3704536613766334 11
1754451869458 3.3619522597604248 12
1754451876744 3.285519107595295 13
1754451884542 3.1939147665608987 14
1754451890123 3.1971809178115973 15
1754451896699 3.1147836693520343 16
1754451902512 3.1097285443100358 17
1754451907832 3.046777524410618 18
1754451913926 3.023442956942569 19
1754451919087 2.952157548645798 20
1754451924144 3.022113801104834 21
1754451929525 2.9360303907913705 22
1754451934705 2.900406509732808 23
1754451940617 2.85795194781913 24
1754451946452 2.8927502013558914 25
1754451952046 2.826094028617245 26
1754451957844 2.797988162301171 27
1754451963710 2.7736087872453323 28
1754451971136 2.77862852440923 29
1754451976898 2.7778459967973785 30
1754451981744 2.7372013300617044 31
1754451986731 2.703831934728284 32
1754451993239 2.716051775457189 33
1754451998624 2.7185908364425546 34
1754452003404 2.692715578167536 35
1754452008009 2.6382436713233797 36
1754452013200 2.635864565576976 37
1754452018222 2.652994142351079 38
1754452023799 2.625281073041197 39
1754452029275 2.614600359452316 40
1754452034761 2.5983790731341156 41
1754452040397 2.5764555436094585 42
1754452045632 2.569985004375638 43
1754452050859 2.5305099687064043 44
1754452055413 2.549042367747233 45
1754452060279 2.5421609734655473 46
1754452066338 2.5187450099538524 47
1754452072018 2.518030534892809 48
1754452077781 2.515528001458765 49
1754452083534 2.5422419537605423 50
1754452089523 2.4828806752222454 51
1754452094627 2.470700699845993 52
1754452099915 2.4239663004012506 53
1754452105692 2.4499720193762897 54
