1754451032683 5.269207411387156 0
1754451041298 4.852639806148767 1
1754451050801 4.570297892008012 2
1754451058251 4.366870807243162 3
1754451066896 4.154037841073039 4
1754451075469 4.003950088100721 5
1754451082045 3.8929588363931806 6
1754451089593 3.787895678406975 7
1754451097045 3.7050426687922897 8
1754451104000 3.6224054426831684 9
1754451111185 3.536615755719778 10
1754451118928 3.4621634845558473 11
1754451124969 3.3933201635380135 12
1754451130293 3.33755627639174 13
1754451136612 3.2560862758636095 14
1754451141279 3.201415215179614 15
1754451146440 3.175031313759081 16
1754451151639 3.173895815443649 17
1754451156770 3.094350078477216 18
1754451162302 3.093921218166199 19
1754451168468 3.0766346715685065 20
1754451175465 3.028758347974226 21
1754451181650 2.975280684563736 22
1754451187137 2.993257112674137 23
1754451192570 2.933511371578949 24
1754451197792 2.9329459436026117 25
1754451203087 2.8939172580798385 26
1754451207229 2.8265178537531295 27
1754451211998 2.8668503497210436 28
1754451217171 2.820690048073664 29
1754451222581 2.7856535053072706 30
1754451228128 2.79069872424766 31
1754451234072 2.797727800706763 32
1754451239609 2.756570723559352 33
1754451246328 2.73960179622156 34
1754451251991 2.707396793558532 35
1754451257730 2.730907297320144 36
1754451263257 2.6929680596656063 37
1754451268545 2.645817378172313 38
1754451274213 2.64470583170309 39
1754451279889 2.620833020704777 40
1754451285634 2.617350166319151 41
1754451292812 2.597066718883302 42
1754451301338 2.58217166273549 43
1754451308130 2.559120662333653 44
1754451314565 2.565471853181374 45
1754451320752 2.5188570545626314 46
1754451327179 2.5471314407014503 47
1754451333056 2.5513574616000096 48
1754451340098 2.5460772767830413 49
1754451346212 2.5108700679761715 50
1754451353995 2.5476196910219597 51
1754451361032 2.477690765640805 52
1754451366786 2.4908879318400268 53
1754451372480 2.4998462176972374 54
1754451378999 2.48561146141291 55
1754451385557 2.4929690145707246 56
1754451391120 2.48163344059364 57
1754451396847 2.4756669006978207 58
1754451402078 2.441908844727378 59
1754451407700 2.4130442628641737 60
1754451413739 2.4375927525825296 61
1754451419402 2.436080701650482 62
1754451426237 2.3752717370442276 63
1754451431851 2.3774938687444567 64
1754451437418 2.415155626059725 65
1754451442303 2.360089595010796 66
1754451446698 2.3978937951692343 67
1754451452464 2.3860846404100524 68
1754451457424 2.363595524462681 69
1754451462445 2.391485718838871 70
1754451466362 2.365283977177101 71
1754451471758 2.349302796819234 72
1754451477934 2.4201562181358467 73
1754451483788 2.3892436758943436 74
1754451489644 2.340079267947956 75
1754451496282 2.32558398176651 76
1754451501760 2.3414985397204866 77
1754451506588 2.3290142958302487 78
1754451512202 2.351232646780693 79
1754451517688 2.3258937012952052 80
1754451523089 2.3021216220521765 81
1754451527880 2.3394106005901456 82
1754451532637 2.2887906622722025 83
1754451538117 2.307026272561746 84
1754451544507 2.330887283289313 85
1754451550097 2.279325745950022 86
1754451555829 2.272191966905932 87
1754451561010 2.300411751292339 88
1754451565609 2.258032566689498 89
1754451570322 2.2882352276015228 90
1754451575725 2.250372727881864 91
1754451581067 2.2489942432349723 92
1754451586660 2.2757940417326696 93
1754451592153 2.272070829423872 94
1754451598797 2.2680018006433484 95
1754451605258 2.272832736525353 96
1754451611235 2.2385944839528302 97
1754451617145 2.2428080875933154 98
1754451623505 2.2002588259937315 99
