1754447003943 5.624274155615748 0
1754447009388 5.066197540477057 1
1754447014809 4.701094655452762 2
1754447020373 4.4167484831478205 3
1754447025698 4.276609367143053 4
1754447031353 4.08047759198411 5
1754447036478 3.9635402328119453 6
1754447043636 3.836619407214912 7
1754447049062 3.748449375887065 8
1754447054578 3.681342370088372 9
1754447060368 3.6076027650322264 10
1754447067718 3.5203866186677257 11
1754447073557 3.4791796656845424 12
1754447079413 3.4304767444830624 13
1754447084505 3.3314858053653444 14
1754447090360 3.284802958641983 15
1754447095306 3.256285046226467 16
1754447101239 3.1815048724009736 17
1754447106957 3.1816284793059784 18
1754447113665 3.099954047475668 19
1754447120126 3.0620148796652784 20
1754447125761 3.0529338001055386 21
1754447131915 3.052355302776829 22
1754447138419 2.9826201570613917 23
1754447143555 2.9563739123550814 24
1754447149365 2.9049402168772858 25
1754447155298 2.886836983991795 26
1754447161641 2.9143624989353643 27
1754447167235 2.8877465432030145 28
1754447174368 2.852889555311151 29
1754447180298 2.840333812521076 30
1754447187616 2.7827800581034396 31
1754447193828 2.734808171850357 32
1754447200933 2.753211332129228 33
1754447206795 2.7402836798877255 34
1754447213663 2.7359368776347064 35
1754447219766 2.70721470149336 36
1754447226087 2.694517296633307 37
1754447232425 2.7325733298299313 38
1754447239161 2.66222048187819 39
1754447246664 2.6531879509526157 40
1754447254783 2.641859448852003 41
1754447261435 2.625249641134572 42
1754447268197 2.637571412518159 43
1754447274354 2.6354898289040305 44
1754447281752 2.6031393187153706 45
1754447288968 2.545080067354958 46
1754447295727 2.5915075480919927 47
1754447303294 2.5783045553062727 48
1754447310899 2.5560033279832903 49
1754447318896 2.529952010707107 50
1754447325967 2.5035275582650947 51
1754447333242 2.4904436222910906 52
1754447341933 2.535664956066106 53
1754447347625 2.5410466403228273 54
1754447352707 2.5329309678330247 55
1754447359106 2.4545371101772786 56
1754447364427 2.467496099716011 57
1754447370159 2.4507465412732126 58
1754447375901 2.4665853261408244 59
1754447381110 2.4845715211073918 60
1754447386852 2.4984755009275292 61
1754447391976 2.4236519490735025 62
1754447397303 2.415041542759969 63
1754447402621 2.374761589485412 64
1754447408696 2.4311021402687714 65
