1754451788416 5.689493923960436 0
1754451795531 5.115466509996314 1
1754451800999 4.680890737382053 2
1754451808569 4.326963352619921 3
1754451815008 4.109419340790805 4
1754451821596 3.988218224073411 5
1754451827484 3.837978535596054 6
1754451832876 3.723652089925218 7
1754451838496 3.61380632062033 8
1754451845132 3.543685572163903 9
1754451851629 3.4502608088173408 10
1754451857009 3.3704536613766334 11
1754451862313 3.3619522597604248 12
1754451867575 3.285519107595295 13
1754451873043 3.1939147665608987 14
1754451878718 3.1971809178115973 15
1754451884201 3.1147836693520343 16
1754451890037 3.1097285443100358 17
1754451897637 3.046777524410618 18
1754451905358 3.023442956942569 19
1754451912964 2.952157548645798 20
1754451921430 3.022113801104834 21
1754451926771 2.9360303907913705 22
1754451932355 2.900406509732808 23
1754451938363 2.85795194781913 24
1754451944760 2.8927502013558914 25
1754451950498 2.826094028617245 26
1754451955975 2.797988162301171 27
1754451962173 2.7736087872453323 28
1754451968332 2.77862852440923 29
1754451973916 2.7778459967973785 30
1754451979951 2.7372013300617044 31
1754451985265 2.703831934728284 32
1754451990262 2.716051775457189 33
1754451995214 2.7185908364425546 34
1754452000472 2.692715578167536 35
1754452005732 2.6382436713233797 36
1754452011227 2.635864565576976 37
1754452017141 2.652994142351079 38
1754452023035 2.625281073041197 39
1754452029117 2.614600359452316 40
1754452034805 2.5983790731341156 41
1754452039460 2.5764555436094585 42
1754452044897 2.569985004375638 43
1754452049842 2.5305099687064043 44
1754452054261 2.549042367747233 45
1754452060300 2.5421609734655473 46
1754452066740 2.5187450099538524 47
1754452071991 2.518030534892809 48
1754452077921 2.515528001458765 49
1754452083660 2.5422419537605423 50
1754452089315 2.4828806752222454 51
1754452094631 2.470700699845993 52
1754452099668 2.4239663004012506 53
1754452104889 2.4499720193762897 54
