1754446999863 5.624274155615748 0
1754447005552 5.066197540477057 1
1754447010695 4.701094655452762 2
1754447015907 4.4167484831478205 3
1754447021037 4.276609367143053 4
1754447026865 4.08047759198411 5
1754447032085 3.9635402328119453 6
1754447037775 3.836619407214912 7
1754447043352 3.748449375887065 8
1754447049246 3.681342370088372 9
1754447055491 3.6076027650322264 10
1754447061233 3.5203866186677257 11
1754447066873 3.4791796656845424 12
1754447072645 3.4304767444830624 13
1754447079122 3.3314858053653444 14
1754447084711 3.284802958641983 15
1754447089963 3.256285046226467 16
1754447095199 3.1815048724009736 17
1754447101709 3.1816284793059784 18
1754447108044 3.099954047475668 19
1754447114597 3.0620148796652784 20
1754447121127 3.0529338001055386 21
1754447128244 3.052355302776829 22
1754447134918 2.9826201570613917 23
1754447141465 2.9563739123550814 24
1754447148271 2.9049402168772858 25
1754447155040 2.886836983991795 26
1754447161501 2.9143624989353643 27
1754447169088 2.8877465432030145 28
1754447175458 2.852889555311151 29
1754447182677 2.840333812521076 30
1754447189257 2.7827800581034396 31
1754447194347 2.734808171850357 32
1754447199613 2.753211332129228 33
1754447204533 2.7402836798877255 34
1754447209542 2.7359368776347064 35
1754447215027 2.70721470149336 36
1754447220364 2.694517296633307 37
1754447225343 2.7325733298299313 38
1754447231225 2.66222048187819 39
1754447237094 2.6531879509526157 40
1754447242956 2.641859448852003 41
1754447248004 2.625249641134572 42
1754447253681 2.637571412518159 43
1754447258991 2.6354898289040305 44
1754447265052 2.6031393187153706 45
1754447270530 2.545080067354958 46
1754447275562 2.5915075480919927 47
1754447281070 2.5783045553062727 48
1754447289340 2.5560033279832903 49
1754447296920 2.529952010707107 50
1754447302805 2.5035275582650947 51
1754447308934 2.4904436222910906 52
1754447315067 2.535664956066106 53
1754447320431 2.5410466403228273 54
1754447325784 2.5329309678330247 55
1754447331215 2.4545371101772786 56
1754447337012 2.467496099716011 57
1754447343266 2.4507465412732126 58
1754447349611 2.4665853261408244 59
1754447356153 2.4845715211073918 60
1754447362684 2.4984755009275292 61
1754447370493 2.4236519490735025 62
1754447376882 2.415041542759969 63
1754447382348 2.374761589485412 64
1754447388655 2.4311021402687714 65
1754447394793 2.385268651698262 66
1754447400862 2.3807841133444794 67
1754447407601 2.393016877688101 68
