1754446987270 5.624274155615748 0
1754446992984 5.066197540477057 1
1754446999581 4.701094655452762 2
1754447004743 4.4167484831478205 3
1754447010818 4.276609367143053 4
1754447018692 4.08047759198411 5
1754447023925 3.9635402328119453 6
1754447029081 3.836619407214912 7
1754447034061 3.748449375887065 8
1754447039638 3.681342370088372 9
1754447045242 3.6076027650322264 10
1754447051360 3.5203866186677257 11
1754447056557 3.4791796656845424 12
1754447062592 3.4304767444830624 13
1754447068182 3.3314858053653444 14
1754447072917 3.284802958641983 15
1754447079274 3.256285046226467 16
1754447084221 3.1815048724009736 17
1754447089474 3.1816284793059784 18
1754447094645 3.099954047475668 19
1754447099576 3.0620148796652784 20
1754447105112 3.0529338001055386 21
1754447111356 3.052355302776829 22
1754447116869 2.9826201570613917 23
1754447123302 2.9563739123550814 24
1754447129203 2.9049402168772858 25
1754447135110 2.886836983991795 26
1754447141859 2.9143624989353643 27
1754447147069 2.8877465432030145 28
1754447152679 2.852889555311151 29
1754447157216 2.840333812521076 30
1754447162456 2.7827800581034396 31
1754447168021 2.734808171850357 32
1754447173092 2.753211332129228 33
1754447179313 2.7402836798877255 34
1754447185079 2.7359368776347064 35
1754447191535 2.70721470149336 36
1754447197647 2.694517296633307 37
1754447202941 2.7325733298299313 38
1754447208711 2.66222048187819 39
1754447213780 2.6531879509526157 40
1754447219368 2.641859448852003 41
1754447224940 2.625249641134572 42
1754447230226 2.637571412518159 43
1754447236605 2.6354898289040305 44
1754447241261 2.6031393187153706 45
1754447247180 2.545080067354958 46
1754447252396 2.5915075480919927 47
1754447258161 2.5783045553062727 48
1754447263539 2.5560033279832903 49
1754447268519 2.529952010707107 50
1754447274357 2.5035275582650947 51
1754447279572 2.4904436222910906 52
1754447286195 2.535664956066106 53
1754447291686 2.5410466403228273 54
1754447297463 2.5329309678330247 55
1754447303437 2.4545371101772786 56
1754447309240 2.467496099716011 57
1754447315290 2.4507465412732126 58
1754447321022 2.4665853261408244 59
1754447326648 2.4845715211073918 60
1754447331428 2.4984755009275292 61
1754447337714 2.4236519490735025 62
1754447344134 2.415041542759969 63
1754447350240 2.374761589485412 64
1754447357179 2.4311021402687714 65
1754447363630 2.385268651698262 66
1754447371253 2.3807841133444794 67
1754447377971 2.393016877688101 68
1754447383750 2.402699152831283 69
1754447389087 2.386438534329955 70
1754447393590 2.36092547098365 71
1754447398927 2.354540375261397 72
1754447404331 2.3296736379883263 73
1754447409926 2.3578367365093564 74
