1754451049148 5.269207411387156 0
1754451055861 4.852639806148767 1
1754451062540 4.570297892008012 2
1754451068696 4.366870807243162 3
1754451074399 4.154037841073039 4
1754451078924 4.003950088100721 5
1754451085033 3.8929588363931806 6
1754451090159 3.787895678406975 7
1754451095592 3.7050426687922897 8
1754451101471 3.6224054426831684 9
1754451108859 3.536615755719778 10
1754451114409 3.4621634845558473 11
1754451120075 3.3933201635380135 12
1754451126091 3.33755627639174 13
1754451131447 3.2560862758636095 14
1754451137536 3.201415215179614 15
1754451143071 3.175031313759081 16
1754451148569 3.173895815443649 17
1754451154517 3.094350078477216 18
1754451160169 3.093921218166199 19
1754451166576 3.0766346715685065 20
1754451173187 3.028758347974226 21
1754451179364 2.975280684563736 22
1754451185966 2.993257112674137 23
1754451192586 2.933511371578949 24
1754451199435 2.9329459436026117 25
1754451206811 2.8939172580798385 26
1754451211978 2.8265178537531295 27
1754451217685 2.8668503497210436 28
1754451223531 2.820690048073664 29
1754451230888 2.7856535053072706 30
1754451237071 2.79069872424766 31
1754451243101 2.797727800706763 32
1754451249616 2.756570723559352 33
1754451255123 2.73960179622156 34
1754451260038 2.707396793558532 35
1754451265632 2.730907297320144 36
1754451271214 2.6929680596656063 37
1754451276952 2.645817378172313 38
1754451282175 2.64470583170309 39
1754451287728 2.620833020704777 40
1754451293733 2.617350166319151 41
1754451299412 2.597066718883302 42
1754451305340 2.58217166273549 43
1754451311060 2.559120662333653 44
1754451316519 2.565471853181374 45
1754451322106 2.5188570545626314 46
1754451328181 2.5471314407014503 47
1754451334185 2.5513574616000096 48
1754451340443 2.5460772767830413 49
1754451346633 2.5108700679761715 50
1754451353604 2.5476196910219597 51
1754451360455 2.477690765640805 52
1754451367256 2.4908879318400268 53
1754451372366 2.4998462176972374 54
1754451378693 2.48561146141291 55
1754451384231 2.4929690145707246 56
1754451389448 2.48163344059364 57
1754451394609 2.4756669006978207 58
1754451399513 2.441908844727378 59
1754451404380 2.4130442628641737 60
1754451409856 2.4375927525825296 61
1754451415671 2.436080701650482 62
1754451421056 2.3752717370442276 63
1754451427178 2.3774938687444567 64
1754451432701 2.415155626059725 65
1754451438226 2.360089595010796 66
1754451442795 2.3978937951692343 67
1754451447652 2.3860846404100524 68
1754451452449 2.363595524462681 69
1754451457991 2.391485718838871 70
1754451462925 2.365283977177101 71
1754451467238 2.349302796819234 72
1754451473639 2.4201562181358467 73
1754451479068 2.3892436758943436 74
1754451485151 2.340079267947956 75
1754451490794 2.32558398176651 76
1754451495993 2.3414985397204866 77
1754451501692 2.3290142958302487 78
1754451506767 2.351232646780693 79
1754451511778 2.3258937012952052 80
1754451517522 2.3021216220521765 81
1754451523033 2.3394106005901456 82
1754451528616 2.2887906622722025 83
1754451535097 2.307026272561746 84
1754451541453 2.330887283289313 85
1754451547637 2.279325745950022 86
1754451553349 2.272191966905932 87
1754451559110 2.300411751292339 88
1754451564652 2.258032566689498 89
1754451570151 2.2882352276015228 90
1754451575528 2.250372727881864 91
1754451581922 2.2489942432349723 92
1754451587835 2.2757940417326696 93
1754451593782 2.272070829423872 94
1754451600408 2.2680018006433484 95
1754451607295 2.272832736525353 96
1754451613768 2.2385944839528302 97
1754451620193 2.2428080875933154 98
1754451626237 2.2002588259937315 99
