1754451034527 5.269207411387156 0
1754451040596 4.852639806148767 1
1754451057685 4.570297892008012 2
1754451067170 4.366870807243162 3
1754451072704 4.154037841073039 4
1754451078687 4.003950088100721 5
1754451085920 3.8929588363931806 6
1754451094614 3.787895678406975 7
1754451100073 3.7050426687922897 8
1754451105570 3.6224054426831684 9
1754451111711 3.536615755719778 10
1754451118462 3.4621634845558473 11
1754451126234 3.3933201635380135 12
1754451131789 3.33755627639174 13
1754451137884 3.2560862758636095 14
1754451143380 3.201415215179614 15
1754451148328 3.175031313759081 16
1754451154009 3.173895815443649 17
1754451159898 3.094350078477216 18
1754451166326 3.093921218166199 19
1754451172732 3.0766346715685065 20
1754451179931 3.028758347974226 21
1754451186742 2.975280684563736 22
1754451193179 2.993257112674137 23
1754451199336 2.933511371578949 24
1754451205103 2.9329459436026117 25
1754451210754 2.8939172580798385 26
1754451216923 2.8265178537531295 27
1754451222817 2.8668503497210436 28
1754451229502 2.820690048073664 29
1754451236176 2.7856535053072706 30
1754451244423 2.79069872424766 31
1754451251225 2.797727800706763 32
1754451257319 2.756570723559352 33
1754451264189 2.73960179622156 34
1754451270135 2.707396793558532 35
1754451276786 2.730907297320144 36
1754451284536 2.6929680596656063 37
1754451293446 2.645817378172313 38
1754451301591 2.64470583170309 39
1754451309347 2.620833020704777 40
1754451317951 2.617350166319151 41
1754451326429 2.597066718883302 42
1754451335547 2.58217166273549 43
1754451344109 2.559120662333653 44
1754451353128 2.565471853181374 45
1754451359095 2.5188570545626314 46
1754451364947 2.5471314407014503 47
1754451370577 2.5513574616000096 48
1754451376460 2.5460772767830413 49
1754451381631 2.5108700679761715 50
1754451387059 2.5476196910219597 51
1754451392455 2.477690765640805 52
1754451397418 2.4908879318400268 53
1754451403046 2.4998462176972374 54
1754451409515 2.48561146141291 55
1754451415599 2.4929690145707246 56
1754451421051 2.48163344059364 57
1754451427627 2.4756669006978207 58
1754451435133 2.441908844727378 59
1754451443062 2.4130442628641737 60
1754451450944 2.4375927525825296 61
1754451460267 2.436080701650482 62
1754451469074 2.3752717370442276 63
1754451481083 2.3774938687444567 64
1754451487885 2.415155626059725 65
1754451494381 2.360089595010796 66
1754451500547 2.3978937951692343 67
1754451507269 2.3860846404100524 68
1754451513823 2.363595524462681 69
1754451520337 2.391485718838871 70
1754451526279 2.365283977177101 71
1754451533288 2.349302796819234 72
1754451540346 2.4201562181358467 73
1754451547442 2.3892436758943436 74
1754451553858 2.340079267947956 75
1754451561402 2.32558398176651 76
1754451567947 2.3414985397204866 77
1754451573800 2.3290142958302487 78
1754451580555 2.351232646780693 79
1754451588455 2.3258937012952052 80
1754451595569 2.3021216220521765 81
1754451603619 2.3394106005901456 82
1754451611190 2.2887906622722025 83
1754451617749 2.307026272561746 84
1754451624992 2.330887283289313 85
1754451631725 2.279325745950022 86
1754451636921 2.272191966905932 87
1754451641463 2.300411751292339 88
1754451646488 2.258032566689498 89
1754451652294 2.2882352276015228 90
1754451658535 2.250372727881864 91
1754451662969 2.2489942432349723 92
1754451671216 2.2757940417326696 93
1754451677223 2.272070829423872 94
1754451680437 2.2680018006433484 95
1754451683293 2.272832736525353 96
1754451686060 2.2385944839528302 97
1754451688928 2.2428080875933154 98
1754451690340 2.2002588259937315 99
