1754447553109 5.393687128550171 0
1754447560763 4.927481128901582 1
1754447569550 4.560115379003769 2
1754447577849 4.35175287344191 3
1754447586383 4.137507613240465 4
1754447594536 4.021275938790873 5
1754447601749 3.8883302732654057 6
1754447609311 3.7793700328336457 7
1754447616356 3.6936392336306616 8
1754447625949 3.632308018475972 9
1754447634554 3.557037243485431 10
1754447644706 3.489055573868699 11
1754447653588 3.411986830408433 12
1754447662761 3.3640293059380446 13
1754447670831 3.293729441053435 14
1754447680004 3.2153485517981326 15
1754447689125 3.19648464726898 16
1754447698992 3.1487080379327863 17
1754447709025 3.108678078465543 18
1754447718643 3.097068274094933 19
1754447728194 3.0797079646998196 20
1754447736739 2.999495490991301 21
