1754451786594 5.689493923960436 0
1754451792993 5.115466509996314 1
1754451800509 4.680890737382053 2
1754451807718 4.326963352619921 3
1754451815624 4.109419340790805 4
1754451821423 3.988218224073411 5
1754451828599 3.837978535596054 6
1754451834225 3.723652089925218 7
1754451840028 3.61380632062033 8
1754451847039 3.543685572163903 9
1754451852551 3.4502608088173408 10
1754451857975 3.3704536613766334 11
1754451863373 3.3619522597604248 12
1754451868325 3.285519107595295 13
1754451873826 3.1939147665608987 14
1754451879351 3.1971809178115973 15
1754451885682 3.1147836693520343 16
1754451891036 3.1097285443100358 17
1754451898396 3.046777524410618 18
1754451903527 3.023442956942569 19
1754451910229 2.952157548645798 20
1754451915874 3.022113801104834 21
1754451921310 2.9360303907913705 22
1754451926218 2.900406509732808 23
1754451931508 2.85795194781913 24
1754451937003 2.8927502013558914 25
1754451942947 2.826094028617245 26
1754451948313 2.797988162301171 27
1754451953293 2.7736087872453323 28
1754451959166 2.77862852440923 29
1754451965824 2.7778459967973785 30
1754451971826 2.7372013300617044 31
1754451977993 2.703831934728284 32
1754451984072 2.716051775457189 33
1754451989396 2.7185908364425546 34
1754451996295 2.692715578167536 35
1754452001932 2.6382436713233797 36
1754452008232 2.635864565576976 37
1754452014276 2.652994142351079 38
1754452020623 2.625281073041197 39
1754452028646 2.614600359452316 40
1754452035043 2.5983790731341156 41
1754452041156 2.5764555436094585 42
1754452047977 2.569985004375638 43
1754452053510 2.5305099687064043 44
1754452059571 2.549042367747233 45
1754452066899 2.5421609734655473 46
1754452073319 2.5187450099538524 47
1754452080080 2.518030534892809 48
1754452088160 2.515528001458765 49
1754452094456 2.5422419537605423 50
1754452101838 2.4828806752222454 51
