1754451059668 5.269207411387156 0
1754451066215 4.852639806148767 1
1754451072248 4.570297892008012 2
1754451078038 4.366870807243162 3
1754451083526 4.154037841073039 4
1754451088466 4.003950088100721 5
1754451093793 3.8929588363931806 6
1754451098513 3.787895678406975 7
1754451103747 3.7050426687922897 8
1754451110015 3.6224054426831684 9
1754451116049 3.536615755719778 10
1754451122155 3.4621634845558473 11
1754451129488 3.3933201635380135 12
1754451135191 3.33755627639174 13
1754451140959 3.2560862758636095 14
1754451146643 3.201415215179614 15
1754451151444 3.175031313759081 16
1754451157382 3.173895815443649 17
1754451162821 3.094350078477216 18
1754451169457 3.093921218166199 19
1754451175373 3.0766346715685065 20
1754451181690 3.028758347974226 21
1754451187202 2.975280684563736 22
1754451193035 2.993257112674137 23
1754451199351 2.933511371578949 24
1754451204818 2.9329459436026117 25
1754451210348 2.8939172580798385 26
1754451216157 2.8265178537531295 27
1754451221571 2.8668503497210436 28
1754451228103 2.820690048073664 29
1754451234658 2.7856535053072706 30
1754451241941 2.79069872424766 31
1754451248437 2.797727800706763 32
1754451255230 2.756570723559352 33
1754451261663 2.73960179622156 34
1754451268068 2.707396793558532 35
1754451274577 2.730907297320144 36
1754451280848 2.6929680596656063 37
1754451287524 2.645817378172313 38
1754451294377 2.64470583170309 39
1754451302695 2.620833020704777 40
1754451309865 2.617350166319151 41
1754451317241 2.597066718883302 42
1754451325313 2.58217166273549 43
1754451332735 2.559120662333653 44
1754451341234 2.565471853181374 45
1754451349591 2.5188570545626314 46
1754451355877 2.5471314407014503 47
1754451361575 2.5513574616000096 48
1754451367804 2.5460772767830413 49
1754451373296 2.5108700679761715 50
1754451378800 2.5476196910219597 51
1754451384159 2.477690765640805 52
1754451389433 2.4908879318400268 53
1754451394477 2.4998462176972374 54
1754451399956 2.48561146141291 55
1754451405019 2.4929690145707246 56
1754451410317 2.48163344059364 57
1754451416148 2.4756669006978207 58
1754451422507 2.441908844727378 59
1754451428778 2.4130442628641737 60
1754451435108 2.4375927525825296 61
1754451440268 2.436080701650482 62
1754451445645 2.3752717370442276 63
1754451451114 2.3774938687444567 64
1754451456466 2.415155626059725 65
1754451461604 2.360089595010796 66
1754451467238 2.3978937951692343 67
1754451473754 2.3860846404100524 68
1754451479951 2.363595524462681 69
1754451485525 2.391485718838871 70
1754451491592 2.365283977177101 71
1754451497630 2.349302796819234 72
1754451502998 2.4201562181358467 73
1754451508783 2.3892436758943436 74
1754451514243 2.340079267947956 75
1754451520462 2.32558398176651 76
1754451526160 2.3414985397204866 77
1754451532338 2.3290142958302487 78
1754451539738 2.351232646780693 79
1754451546122 2.3258937012952052 80
1754451552348 2.3021216220521765 81
1754451558934 2.3394106005901456 82
1754451564400 2.2887906622722025 83
1754451569922 2.307026272561746 84
1754451576271 2.330887283289313 85
1754451582956 2.279325745950022 86
1754451588788 2.272191966905932 87
1754451596635 2.300411751292339 88
1754451603476 2.258032566689498 89
1754451610556 2.2882352276015228 90
1754451617514 2.250372727881864 91
1754451623833 2.2489942432349723 92
1754451629531 2.2757940417326696 93
1754451636274 2.272070829423872 94
1754451641650 2.2680018006433484 95
1754451647327 2.272832736525353 96
1754451654054 2.2385944839528302 97
1754451662027 2.2428080875933154 98
1754451668025 2.2002588259937315 99
