1754447538446 5.393687128550171 0
1754447546107 4.927481128901582 1
1754447553510 4.560115379003769 2
1754447561375 4.35175287344191 3
1754447569623 4.137507613240465 4
1754447578572 4.021275938790873 5
1754447586938 3.8883302732654057 6
1754447595644 3.7793700328336457 7
1754447603775 3.6936392336306616 8
1754447611580 3.632308018475972 9
1754447619147 3.557037243485431 10
1754447627476 3.489055573868699 11
1754447636145 3.411986830408433 12
1754447644120 3.3640293059380446 13
1754447652176 3.293729441053435 14
1754447660526 3.2153485517981326 15
1754447669474 3.19648464726898 16
1754447677820 3.1487080379327863 17
1754447687075 3.108678078465543 18
1754447696171 3.097068274094933 19
1754447705954 3.0797079646998196 20
1754447715288 2.999495490991301 21
1754447724482 2.993256166403434 22
1754447734399 2.970881516255757 23
1754447742525 2.943189509759254 24
