1754451792516 5.689493923960436 0
1754451798859 5.115466509996314 1
1754451804334 4.680890737382053 2
1754451811308 4.326963352619921 3
1754451818022 4.109419340790805 4
1754451825249 3.988218224073411 5
1754451832073 3.837978535596054 6
1754451838799 3.723652089925218 7
1754451846518 3.61380632062033 8
1754451852609 3.543685572163903 9
1754451859505 3.4502608088173408 10
1754451865715 3.3704536613766334 11
1754451872115 3.3619522597604248 12
1754451880018 3.285519107595295 13
1754451885765 3.1939147665608987 14
1754451891703 3.1971809178115973 15
1754451897267 3.1147836693520343 16
1754451903376 3.1097285443100358 17
1754451908966 3.046777524410618 18
1754451914290 3.023442956942569 19
1754451920334 2.952157548645798 20
1754451925891 3.022113801104834 21
1754451931027 2.9360303907913705 22
1754451936202 2.900406509732808 23
1754451941835 2.85795194781913 24
1754451947930 2.8927502013558914 25
1754451953427 2.826094028617245 26
1754451960049 2.797988162301171 27
1754451967033 2.7736087872453323 28
1754451973795 2.77862852440923 29
1754451980433 2.7778459967973785 30
1754451986819 2.7372013300617044 31
1754451993147 2.703831934728284 32
1754452000220 2.716051775457189 33
1754452006776 2.7185908364425546 34
1754452015005 2.692715578167536 35
1754452021169 2.6382436713233797 36
1754452027534 2.635864565576976 37
1754452034844 2.652994142351079 38
1754452041012 2.625281073041197 39
1754452047216 2.614600359452316 40
1754452053018 2.5983790731341156 41
1754452060277 2.5764555436094585 42
1754452067664 2.569985004375638 43
1754452074586 2.5305099687064043 44
1754452082615 2.549042367747233 45
1754452090311 2.5421609734655473 46
1754452098708 2.5187450099538524 47
1754452105393 2.518030534892809 48
