1754451033912 5.269207411387156 0
1754451040980 4.852639806148767 1
1754451048812 4.570297892008012 2
1754451055395 4.366870807243162 3
1754451062292 4.154037841073039 4
1754451069272 4.003950088100721 5
1754451076132 3.8929588363931806 6
1754451082138 3.787895678406975 7
1754451087481 3.7050426687922897 8
1754451093598 3.6224054426831684 9
1754451099804 3.536615755719778 10
1754451104604 3.4621634845558473 11
1754451110252 3.3933201635380135 12
1754451116582 3.33755627639174 13
1754451122230 3.2560862758636095 14
1754451127508 3.201415215179614 15
1754451132535 3.175031313759081 16
1754451137964 3.173895815443649 17
1754451143969 3.094350078477216 18
1754451149001 3.093921218166199 19
1754451154485 3.0766346715685065 20
1754451159371 3.028758347974226 21
1754451165251 2.975280684563736 22
1754451171168 2.993257112674137 23
1754451176746 2.933511371578949 24
1754451182992 2.9329459436026117 25
1754451188211 2.8939172580798385 26
1754451193909 2.8265178537531295 27
1754451199725 2.8668503497210436 28
1754451205306 2.820690048073664 29
1754451211949 2.7856535053072706 30
1754451217290 2.79069872424766 31
1754451222708 2.797727800706763 32
1754451227947 2.756570723559352 33
1754451233746 2.73960179622156 34
1754451239645 2.707396793558532 35
1754451246527 2.730907297320144 36
1754451253095 2.6929680596656063 37
1754451258785 2.645817378172313 38
1754451266449 2.64470583170309 39
1754451271202 2.620833020704777 40
1754451276858 2.617350166319151 41
1754451282727 2.597066718883302 42
1754451288859 2.58217166273549 43
1754451295345 2.559120662333653 44
1754451301389 2.565471853181374 45
1754451307891 2.5188570545626314 46
1754451314152 2.5471314407014503 47
1754451320088 2.5513574616000096 48
1754451326297 2.5460772767830413 49
1754451332167 2.5108700679761715 50
1754451339749 2.5476196910219597 51
1754451345149 2.477690765640805 52
1754451351745 2.4908879318400268 53
1754451357263 2.4998462176972374 54
1754451363144 2.48561146141291 55
1754451368975 2.4929690145707246 56
1754451374454 2.48163344059364 57
1754451380585 2.4756669006978207 58
1754451385872 2.441908844727378 59
1754451392153 2.4130442628641737 60
1754451397349 2.4375927525825296 61
1754451402764 2.436080701650482 62
1754451408346 2.3752717370442276 63
1754451414702 2.3774938687444567 64
1754451420167 2.415155626059725 65
1754451425613 2.360089595010796 66
1754451431427 2.3978937951692343 67
1754451436457 2.3860846404100524 68
1754451442118 2.363595524462681 69
1754451446717 2.391485718838871 70
1754451452343 2.365283977177101 71
1754451457045 2.349302796819234 72
1754451462113 2.4201562181358467 73
1754451468139 2.3892436758943436 74
1754451473720 2.340079267947956 75
1754451479370 2.32558398176651 76
1754451486344 2.3414985397204866 77
1754451493636 2.3290142958302487 78
1754451499293 2.351232646780693 79
1754451503911 2.3258937012952052 80
1754451510155 2.3021216220521765 81
1754451516200 2.3394106005901456 82
1754451522179 2.2887906622722025 83
1754451527608 2.307026272561746 84
1754451533784 2.330887283289313 85
1754451540502 2.279325745950022 86
1754451547070 2.272191966905932 87
1754451553250 2.300411751292339 88
1754451559072 2.258032566689498 89
1754451565030 2.2882352276015228 90
1754451570491 2.250372727881864 91
1754451576823 2.2489942432349723 92
1754451583344 2.2757940417326696 93
1754451589461 2.272070829423872 94
1754451597317 2.2680018006433484 95
1754451604693 2.272832736525353 96
1754451610502 2.2385944839528302 97
1754451617035 2.2428080875933154 98
1754451623356 2.2002588259937315 99
