1754451779841 5.689493923960436 0
1754451786809 5.115466509996314 1
1754451793836 4.680890737382053 2
1754451800549 4.326963352619921 3
1754451805972 4.109419340790805 4
1754451811356 3.988218224073411 5
1754451817914 3.837978535596054 6
1754451824510 3.723652089925218 7
1754451830095 3.61380632062033 8
1754451837792 3.543685572163903 9
1754451843705 3.4502608088173408 10
1754451849197 3.3704536613766334 11
1754451854972 3.3619522597604248 12
1754451860562 3.285519107595295 13
1754451865769 3.1939147665608987 14
1754451871380 3.1971809178115973 15
1754451877404 3.1147836693520343 16
1754451884157 3.1097285443100358 17
1754451890066 3.046777524410618 18
1754451897467 3.023442956942569 19
1754451904296 2.952157548645798 20
1754451910742 3.022113801104834 21
1754451916860 2.9360303907913705 22
1754451923243 2.900406509732808 23
1754451929006 2.85795194781913 24
1754451935534 2.8927502013558914 25
1754451941765 2.826094028617245 26
1754451948816 2.797988162301171 27
1754451955763 2.7736087872453323 28
1754451964796 2.77862852440923 29
1754451971239 2.7778459967973785 30
1754451977966 2.7372013300617044 31
1754451985555 2.703831934728284 32
1754451990801 2.716051775457189 33
1754451995902 2.7185908364425546 34
1754452001122 2.692715578167536 35
1754452007263 2.6382436713233797 36
1754452014312 2.635864565576976 37
1754452019875 2.652994142351079 38
1754452025504 2.625281073041197 39
1754452030919 2.614600359452316 40
1754452036647 2.5983790731341156 41
1754452041654 2.5764555436094585 42
1754452046625 2.569985004375638 43
1754452052289 2.5305099687064043 44
1754452055774 2.549042367747233 45
1754452061031 2.5421609734655473 46
1754452066082 2.5187450099538524 47
1754452071077 2.518030534892809 48
1754452077090 2.515528001458765 49
1754452082419 2.5422419537605423 50
1754452088510 2.4828806752222454 51
1754452093820 2.470700699845993 52
1754452100111 2.4239663004012506 53
