1754383739118 5.22412095734253 0
1754383739498 4.768526024377048 1
1754383739996 4.4568748517159165 2
1754383740372 4.2444035394883946 3
1754383740875 4.098152290540635 4
1754383741359 3.94421698625198 5
1754383741717 3.8358960355411758 6
1754383742405 3.7129149959314582 7
1754383742952 3.6296999701809662 8
1754383743758 3.5274307173005006 9
1754383744215 3.4592029073423016 10
1754383744866 3.4002018287081417 11
1754383745378 3.330369717833431 12
1754383745897 3.257477517123577 13
1754383746756 3.253231958416407 14
1754383747360 3.1969926386013605 15
1754383747723 3.141115752491452 16
1754383748086 3.0895953421855555 17
1754383748650 3.0869054762145804 18
1754383749126 3.0153576926403054 19
1754383749886 2.9858833314167668 20
1754383750626 2.9249498057791974 21
1754383751217 2.912779905829844 22
1754383751901 2.8877968314956663 23
1754383752468 2.885983158785269 24
1754383753111 2.845500309440153 25
1754383753492 2.7849766167533647 26
1754383754169 2.786803713685726 27
1754383754763 2.773329397607588 28
1754383755176 2.739794940030582 29
1754383755892 2.749175017872306 30
1754383756532 2.710746401842424 31
1754383757359 2.67936993852741 32
1754383757921 2.6963377409280747 33
1754383758552 2.6447528901381956 34
1754383759124 2.6419796547847114 35
1754383759901 2.6160835106151614 36
1754383760925 2.6194810462087297 37
1754383762064 2.5663274525465427 38
1754383762714 2.534397589301628 39
1754383763355 2.577306581439287 40
1754383763936 2.577216416661103 41
1754383764740 2.5701966431542393 42
1754383765421 2.5308950202130904 43
1754383765988 2.52873418144985 44
1754383766553 2.4892513962445637 45
1754383767511 2.477887389571387 46
1754383768553 2.468861746738075 47
1754383769242 2.5067377652804375 48
1754383770252 2.4665568197000516 49
1754383771079 2.4468978947839406 50
1754383771630 2.4338873741560625 51
1754383772230 2.480035391300094 52
1754383772886 2.4213396015758217 53
1754383773408 2.43016028288545 54
1754383774000 2.3760612646471904 55
1754383774399 2.3885947851929705 56
1754383775237 2.43200491681624 57
1754383775712 2.4006525531029435 58
1754383776086 2.359831563316909 59
1754383776636 2.3560117390630073 60
1754383777268 2.3422599395308965 61
1754383778112 2.3684556968503245 62
1754383778612 2.3722785530630186 63
1754383779174 2.3304089210589236 64
1754383779812 2.3655061214317574 65
1754383780527 2.3123843521206604 66
1754383781235 2.298592191815273 67
1754383781862 2.286404385964013 68
1754383782530 2.268337412895554 69
1754383783218 2.2975253057849923 70
1754383783751 2.3007625078683063 71
1754383784374 2.293920528900255 72
1754383784957 2.306293622715251 73
1754383785875 2.264138684804382 74
1754383786438 2.2670269813897095 75
1754383787159 2.255744812798471 76
1754383787659 2.2602195920794745 77
1754383788454 2.2618017699954174 78
1754383788898 2.265930664378172 79
1754383789278 2.2450654919259603 80
1754383789948 2.235088519707601 81
1754383790902 2.2207608601230406 82
1754383791360 2.229432316335042 83
1754383791824 2.2212639780388606 84
1754383792394 2.209030924123643 85
1754383792821 2.201983625838543 86
1754383793309 2.251852280651134 87
1754383793887 2.2186247859822905 88
1754383794262 2.225691131900071 89
1754383794637 2.2368298349529177 90
1754383795125 2.21828175793345 91
1754383795494 2.173798349946725 92
1754383796225 2.1877996619017512 93
1754383796698 2.1503834640410626 94
1754383797278 2.1617442641855336 95
1754383798109 2.1839327174074263 96
1754383799137 2.1522063544934165 97
1754383800131 2.1979494064083562 98
1754383801416 2.1857591352220704 99
