1754451796247 5.689493923960436 0
1754451801971 5.115466509996314 1
1754451808237 4.680890737382053 2
1754451814292 4.326963352619921 3
1754451821268 4.109419340790805 4
1754451826529 3.988218224073411 5
1754451832611 3.837978535596054 6
1754451839163 3.723652089925218 7
1754451845444 3.61380632062033 8
1754451850783 3.543685572163903 9
1754451856350 3.4502608088173408 10
1754451862588 3.3704536613766334 11
1754451869103 3.3619522597604248 12
1754451874429 3.285519107595295 13
1754451879970 3.1939147665608987 14
1754451885830 3.1971809178115973 15
1754451891133 3.1147836693520343 16
1754451897186 3.1097285443100358 17
1754451903105 3.046777524410618 18
1754451909702 3.023442956942569 19
1754451914929 2.952157548645798 20
1754451919814 3.022113801104834 21
1754451924959 2.9360303907913705 22
1754451930228 2.900406509732808 23
1754451936581 2.85795194781913 24
1754451943701 2.8927502013558914 25
1754451950038 2.826094028617245 26
1754451955962 2.797988162301171 27
1754451962256 2.7736087872453323 28
1754451970247 2.77862852440923 29
1754451979393 2.7778459967973785 30
1754451986423 2.7372013300617044 31
1754451992383 2.703831934728284 32
1754451998891 2.716051775457189 33
1754452006031 2.7185908364425546 34
1754452012272 2.692715578167536 35
1754452021640 2.6382436713233797 36
1754452028567 2.635864565576976 37
1754452036221 2.652994142351079 38
1754452042979 2.625281073041197 39
1754452049240 2.614600359452316 40
1754452055428 2.5983790731341156 41
1754452060074 2.5764555436094585 42
1754452065747 2.569985004375638 43
1754452071784 2.5305099687064043 44
1754452077042 2.549042367747233 45
1754452082492 2.5421609734655473 46
1754452087597 2.5187450099538524 47
1754452093018 2.518030534892809 48
1754452098723 2.515528001458765 49
1754452103632 2.5422419537605423 50
