1754446981819 5.624274155615748 0
1754446989105 5.066197540477057 1
1754446996952 4.701094655452762 2
1754447003583 4.4167484831478205 3
1754447010415 4.276609367143053 4
1754447016645 4.08047759198411 5
1754447023631 3.9635402328119453 6
1754447030453 3.836619407214912 7
1754447036736 3.748449375887065 8
1754447043313 3.681342370088372 9
1754447049783 3.6076027650322264 10
1754447057095 3.5203866186677257 11
1754447063536 3.4791796656845424 12
1754447070714 3.4304767444830624 13
1754447076910 3.3314858053653444 14
1754447082953 3.284802958641983 15
1754447088842 3.256285046226467 16
1754447094785 3.1815048724009736 17
1754447100552 3.1816284793059784 18
1754447105887 3.099954047475668 19
1754447112011 3.0620148796652784 20
1754447117303 3.0529338001055386 21
1754447122618 3.052355302776829 22
1754447128103 2.9826201570613917 23
1754447133515 2.9563739123550814 24
1754447139280 2.9049402168772858 25
1754447144413 2.886836983991795 26
1754447149789 2.9143624989353643 27
1754447155707 2.8877465432030145 28
1754447161004 2.852889555311151 29
1754447167011 2.840333812521076 30
1754447172725 2.7827800581034396 31
1754447178452 2.734808171850357 32
1754447184095 2.753211332129228 33
1754447190373 2.7402836798877255 34
1754447196391 2.7359368776347064 35
1754447201679 2.70721470149336 36
1754447207331 2.694517296633307 37
1754447212296 2.7325733298299313 38
1754447217131 2.66222048187819 39
1754447222390 2.6531879509526157 40
1754447227768 2.641859448852003 41
1754447233507 2.625249641134572 42
1754447239220 2.637571412518159 43
1754447244382 2.6354898289040305 44
1754447250254 2.6031393187153706 45
1754447257299 2.545080067354958 46
1754447262734 2.5915075480919927 47
1754447268697 2.5783045553062727 48
1754447274536 2.5560033279832903 49
1754447279953 2.529952010707107 50
1754447284920 2.5035275582650947 51
1754447289147 2.4904436222910906 52
1754447295489 2.535664956066106 53
1754447300898 2.5410466403228273 54
1754447306083 2.5329309678330247 55
1754447311219 2.4545371101772786 56
1754447316294 2.467496099716011 57
1754447321894 2.4507465412732126 58
1754447327259 2.4665853261408244 59
1754447332528 2.4845715211073918 60
1754447339118 2.4984755009275292 61
1754447344870 2.4236519490735025 62
1754447350597 2.415041542759969 63
1754447357337 2.374761589485412 64
1754447362866 2.4311021402687714 65
1754447368297 2.385268651698262 66
1754447374030 2.3807841133444794 67
1754447379274 2.393016877688101 68
1754447385124 2.402699152831283 69
1754447390116 2.386438534329955 70
1754447394754 2.36092547098365 71
1754447399579 2.354540375261397 72
1754447404847 2.3296736379883263 73
