1754383839752 5.22412095734253 0
1754383840444 4.768526024377048 1
1754383841073 4.4568748517159165 2
1754383841728 4.2444035394883946 3
1754383842287 4.098152290540635 4
1754383843147 3.94421698625198 5
1754383844171 3.8358960355411758 6
1754383845011 3.7129149959314582 7
1754383845730 3.6296999701809662 8
1754383846364 3.5274307173005006 9
1754383847200 3.4592029073423016 10
1754383847799 3.4002018287081417 11
1754383848555 3.330369717833431 12
1754383848927 3.257477517123577 13
1754383849303 3.253231958416407 14
1754383849743 3.1969926386013605 15
1754383850115 3.141115752491452 16
1754383850496 3.0895953421855555 17
1754383851153 3.0869054762145804 18
1754383851568 3.0153576926403054 19
1754383852111 2.9858833314167668 20
1754383852675 2.9249498057791974 21
1754383853503 2.912779905829844 22
1754383854066 2.8877968314956663 23
1754383854920 2.885983158785269 24
1754383855520 2.845500309440153 25
1754383856080 2.7849766167533647 26
1754383856692 2.786803713685726 27
1754383857164 2.773329397607588 28
1754383857556 2.739794940030582 29
1754383857958 2.749175017872306 30
1754383858528 2.710746401842424 31
1754383859037 2.67936993852741 32
1754383859403 2.6963377409280747 33
1754383859821 2.6447528901381956 34
1754383860220 2.6419796547847114 35
1754383860598 2.6160835106151614 36
1754383861068 2.6194810462087297 37
1754383861755 2.5663274525465427 38
1754383862480 2.534397589301628 39
1754383862870 2.577306581439287 40
1754383863249 2.577216416661103 41
1754383864048 2.5701966431542393 42
1754383864488 2.5308950202130904 43
1754383864873 2.52873418144985 44
1754383865282 2.4892513962445637 45
1754383865652 2.477887389571387 46
1754383866018 2.468861746738075 47
1754383866660 2.5067377652804375 48
1754383867302 2.4665568197000516 49
1754383867868 2.4468978947839406 50
1754383868366 2.4338873741560625 51
1754383869097 2.480035391300094 52
1754383869958 2.4213396015758217 53
1754383870824 2.43016028288545 54
1754383871183 2.3760612646471904 55
1754383871544 2.3885947851929705 56
1754383872296 2.43200491681624 57
1754383872861 2.4006525531029435 58
1754383873450 2.359831563316909 59
1754383873853 2.3560117390630073 60
1754383874292 2.3422599395308965 61
1754383874842 2.3684556968503245 62
1754383875379 2.3722785530630186 63
1754383875913 2.3304089210589236 64
1754383876571 2.3655061214317574 65
1754383877392 2.3123843521206604 66
1754383877978 2.298592191815273 67
1754383878510 2.286404385964013 68
1754383879203 2.268337412895554 69
1754383879896 2.2975253057849923 70
1754383881054 2.3007625078683063 71
1754383882194 2.293920528900255 72
1754383883248 2.306293622715251 73
1754383883915 2.264138684804382 74
1754383884556 2.2670269813897095 75
1754383885414 2.255744812798471 76
1754383886063 2.2602195920794745 77
1754383886570 2.2618017699954174 78
1754383887245 2.265930664378172 79
1754383888016 2.2450654919259603 80
1754383888726 2.235088519707601 81
1754383889265 2.2207608601230406 82
1754383889672 2.229432316335042 83
1754383890336 2.2212639780388606 84
1754383890825 2.209030924123643 85
1754383891381 2.201983625838543 86
1754383892102 2.251852280651134 87
1754383892726 2.2186247859822905 88
1754383893329 2.225691131900071 89
1754383893697 2.2368298349529177 90
1754383894366 2.21828175793345 91
1754383894967 2.173798349946725 92
1754383895366 2.1877996619017512 93
1754383896061 2.1503834640410626 94
1754383896589 2.1617442641855336 95
1754383897170 2.1839327174074263 96
1754383897544 2.1522063544934165 97
1754383897960 2.1979494064083562 98
1754383898740 2.1857591352220704 99
