1754447537062 5.393687128550171 0
1754447545491 4.927481128901582 1
1754447553411 4.560115379003769 2
1754447561324 4.35175287344191 3
1754447572044 4.137507613240465 4
1754447583429 4.021275938790873 5
1754447594108 3.8883302732654057 6
1754447604136 3.7793700328336457 7
1754447613544 3.6936392336306616 8
1754447623779 3.632308018475972 9
1754447634908 3.557037243485431 10
1754447646622 3.489055573868699 11
1754447657211 3.411986830408433 12
1754447667664 3.3640293059380446 13
1754447675949 3.293729441053435 14
1754447683012 3.2153485517981326 15
1754447690381 3.19648464726898 16
1754447697237 3.1487080379327863 17
1754447704656 3.108678078465543 18
1754447713542 3.097068274094933 19
1754447720903 3.0797079646998196 20
1754447730055 2.999495490991301 21
1754447739720 2.993256166403434 22
