1754446992772 5.624274155615748 0
1754446998526 5.066197540477057 1
1754447005689 4.701094655452762 2
1754447010651 4.4167484831478205 3
1754447016044 4.276609367143053 4
1754447021063 4.08047759198411 5
1754447026134 3.9635402328119453 6
1754447031909 3.836619407214912 7
1754447037454 3.748449375887065 8
1754447042922 3.681342370088372 9
1754447048688 3.6076027650322264 10
1754447054316 3.5203866186677257 11
1754447060298 3.4791796656845424 12
1754447066069 3.4304767444830624 13
1754447071855 3.3314858053653444 14
1754447077644 3.284802958641983 15
1754447083386 3.256285046226467 16
1754447088834 3.1815048724009736 17
1754447094719 3.1816284793059784 18
1754447100619 3.099954047475668 19
1754447105573 3.0620148796652784 20
1754447111878 3.0529338001055386 21
1754447117917 3.052355302776829 22
1754447123627 2.9826201570613917 23
1754447129918 2.9563739123550814 24
1754447136008 2.9049402168772858 25
1754447141631 2.886836983991795 26
1754447147886 2.9143624989353643 27
1754447153456 2.8877465432030145 28
1754447159226 2.852889555311151 29
1754447166268 2.840333812521076 30
1754447172635 2.7827800581034396 31
1754447179905 2.734808171850357 32
1754447185725 2.753211332129228 33
1754447193649 2.7402836798877255 34
1754447199581 2.7359368776347064 35
1754447205180 2.70721470149336 36
1754447210380 2.694517296633307 37
1754447215225 2.7325733298299313 38
1754447220316 2.66222048187819 39
1754447226804 2.6531879509526157 40
1754447232317 2.641859448852003 41
1754447237135 2.625249641134572 42
1754447242187 2.637571412518159 43
1754447247544 2.6354898289040305 44
1754447253037 2.6031393187153706 45
1754447258181 2.545080067354958 46
1754447262776 2.5915075480919927 47
1754447268206 2.5783045553062727 48
1754447273956 2.5560033279832903 49
1754447278904 2.529952010707107 50
1754447284241 2.5035275582650947 51
1754447289724 2.4904436222910906 52
1754447295424 2.535664956066106 53
1754447300720 2.5410466403228273 54
1754447306537 2.5329309678330247 55
1754447314214 2.4545371101772786 56
1754447321545 2.467496099716011 57
1754447327784 2.4507465412732126 58
1754447333164 2.4665853261408244 59
1754447339212 2.4845715211073918 60
1754447345047 2.4984755009275292 61
1754447351116 2.4236519490735025 62
1754447358007 2.415041542759969 63
1754447364897 2.374761589485412 64
1754447371790 2.4311021402687714 65
1754447377992 2.385268651698262 66
1754447384381 2.3807841133444794 67
1754447390949 2.393016877688101 68
1754447397272 2.402699152831283 69
1754447403492 2.386438534329955 70
