1754451796126 5.689493923960436 0
1754451801655 5.115466509996314 1
1754451807920 4.680890737382053 2
1754451813642 4.326963352619921 3
1754451820292 4.109419340790805 4
1754451827510 3.988218224073411 5
1754451833951 3.837978535596054 6
1754451839758 3.723652089925218 7
1754451845413 3.61380632062033 8
1754451851288 3.543685572163903 9
1754451857730 3.4502608088173408 10
1754451863140 3.3704536613766334 11
1754451868407 3.3619522597604248 12
1754451875645 3.285519107595295 13
1754451882839 3.1939147665608987 14
1754451890773 3.1971809178115973 15
1754451898608 3.1147836693520343 16
1754451906054 3.1097285443100358 17
1754451912476 3.046777524410618 18
1754451919019 3.023442956942569 19
1754451925192 2.952157548645798 20
1754451931275 3.022113801104834 21
1754451938465 2.9360303907913705 22
1754451945697 2.900406509732808 23
1754451952047 2.85795194781913 24
1754451959498 2.8927502013558914 25
1754451965267 2.826094028617245 26
1754451970966 2.797988162301171 27
1754451975982 2.7736087872453323 28
1754451981008 2.77862852440923 29
1754451986424 2.7778459967973785 30
1754451991260 2.7372013300617044 31
1754451996311 2.703831934728284 32
1754452002899 2.716051775457189 33
1754452008586 2.7185908364425546 34
1754452014294 2.692715578167536 35
1754452019522 2.6382436713233797 36
1754452026117 2.635864565576976 37
1754452031426 2.652994142351079 38
1754452036913 2.625281073041197 39
1754452042093 2.614600359452316 40
1754452047789 2.5983790731341156 41
1754452053443 2.5764555436094585 42
1754452059465 2.569985004375638 43
1754452065150 2.5305099687064043 44
1754452070821 2.549042367747233 45
1754452077287 2.5421609734655473 46
1754452083520 2.5187450099538524 47
1754452089580 2.518030534892809 48
1754452095112 2.515528001458765 49
1754452101839 2.5422419537605423 50
