1754451047647 5.269207411387156 0
1754451053646 4.852639806148767 1
1754451059693 4.570297892008012 2
1754451067309 4.366870807243162 3
1754451073471 4.154037841073039 4
1754451078727 4.003950088100721 5
1754451084459 3.8929588363931806 6
1754451089995 3.787895678406975 7
1754451096156 3.7050426687922897 8
1754451101251 3.6224054426831684 9
1754451107390 3.536615755719778 10
1754451113685 3.4621634845558473 11
1754451119475 3.3933201635380135 12
1754451125351 3.33755627639174 13
1754451131032 3.2560862758636095 14
1754451137188 3.201415215179614 15
1754451142521 3.175031313759081 16
1754451148201 3.173895815443649 17
1754451153861 3.094350078477216 18
1754451159629 3.093921218166199 19
1754451166275 3.0766346715685065 20
1754451172703 3.028758347974226 21
1754451179860 2.975280684563736 22
1754451186799 2.993257112674137 23
1754451192785 2.933511371578949 24
1754451198952 2.9329459436026117 25
1754451204163 2.8939172580798385 26
1754451210099 2.8265178537531295 27
1754451215819 2.8668503497210436 28
1754451220682 2.820690048073664 29
1754451226267 2.7856535053072706 30
1754451231730 2.79069872424766 31
1754451237782 2.797727800706763 32
1754451243553 2.756570723559352 33
1754451248729 2.73960179622156 34
1754451254666 2.707396793558532 35
1754451259838 2.730907297320144 36
1754451265426 2.6929680596656063 37
1754451270909 2.645817378172313 38
1754451276296 2.64470583170309 39
1754451281551 2.620833020704777 40
1754451287168 2.617350166319151 41
1754451294887 2.597066718883302 42
1754451303257 2.58217166273549 43
1754451309146 2.559120662333653 44
1754451315083 2.565471853181374 45
1754451320627 2.5188570545626314 46
1754451326837 2.5471314407014503 47
1754451333642 2.5513574616000096 48
1754451339896 2.5460772767830413 49
1754451345794 2.5108700679761715 50
1754451353018 2.5476196910219597 51
1754451360068 2.477690765640805 52
1754451366058 2.4908879318400268 53
1754451371765 2.4998462176972374 54
1754451376913 2.48561146141291 55
1754451382006 2.4929690145707246 56
1754451387533 2.48163344059364 57
1754451392222 2.4756669006978207 58
1754451397447 2.441908844727378 59
1754451403166 2.4130442628641737 60
1754451408101 2.4375927525825296 61
1754451414431 2.436080701650482 62
1754451420411 2.3752717370442276 63
1754451426223 2.3774938687444567 64
1754451432042 2.415155626059725 65
1754451437664 2.360089595010796 66
1754451443552 2.3978937951692343 67
1754451449040 2.3860846404100524 68
1754451454356 2.363595524462681 69
1754451460344 2.391485718838871 70
1754451465663 2.365283977177101 71
1754451471384 2.349302796819234 72
1754451478394 2.4201562181358467 73
1754451484644 2.3892436758943436 74
1754451490546 2.340079267947956 75
1754451497007 2.32558398176651 76
1754451503144 2.3414985397204866 77
1754451509141 2.3290142958302487 78
1754451515231 2.351232646780693 79
1754451520995 2.3258937012952052 80
1754451526905 2.3021216220521765 81
1754451532953 2.3394106005901456 82
1754451539909 2.2887906622722025 83
1754451546255 2.307026272561746 84
1754451553521 2.330887283289313 85
1754451559757 2.279325745950022 86
1754451565985 2.272191966905932 87
1754451572208 2.300411751292339 88
1754451578163 2.258032566689498 89
1754451584692 2.2882352276015228 90
1754451591252 2.250372727881864 91
1754451598395 2.2489942432349723 92
1754451604984 2.2757940417326696 93
1754451612427 2.272070829423872 94
1754451619350 2.2680018006433484 95
1754451626032 2.272832736525353 96
1754451632276 2.2385944839528302 97
1754451639537 2.2428080875933154 98
1754451645245 2.2002588259937315 99
