1754451036658 5.269207411387156 0
1754451045374 4.852639806148767 1
1754451052606 4.570297892008012 2
1754451059042 4.366870807243162 3
1754451067228 4.154037841073039 4
1754451074443 4.003950088100721 5
1754451079858 3.8929588363931806 6
1754451086119 3.787895678406975 7
1754451092308 3.7050426687922897 8
1754451099248 3.6224054426831684 9
1754451105061 3.536615755719778 10
1754451112441 3.4621634845558473 11
1754451121510 3.3933201635380135 12
1754451128461 3.33755627639174 13
1754451135306 3.2560862758636095 14
1754451141318 3.201415215179614 15
1754451147934 3.175031313759081 16
1754451155315 3.173895815443649 17
1754451162851 3.094350078477216 18
1754451170089 3.093921218166199 19
1754451177831 3.0766346715685065 20
1754451185414 3.028758347974226 21
1754451194002 2.975280684563736 22
1754451200285 2.993257112674137 23
1754451207122 2.933511371578949 24
1754451214099 2.9329459436026117 25
1754451221215 2.8939172580798385 26
1754451228107 2.8265178537531295 27
1754451235535 2.8668503497210436 28
1754451243051 2.820690048073664 29
1754451250410 2.7856535053072706 30
1754451257320 2.79069872424766 31
1754451264601 2.797727800706763 32
1754451271781 2.756570723559352 33
1754451278696 2.73960179622156 34
1754451283029 2.707396793558532 35
1754451288984 2.730907297320144 36
1754451294722 2.6929680596656063 37
1754451300366 2.645817378172313 38
1754451306396 2.64470583170309 39
1754451311554 2.620833020704777 40
1754451317359 2.617350166319151 41
1754451322999 2.597066718883302 42
1754451328766 2.58217166273549 43
1754451335010 2.559120662333653 44
1754451341684 2.565471853181374 45
1754451347747 2.5188570545626314 46
1754451354299 2.5471314407014503 47
1754451360935 2.5513574616000096 48
1754451366572 2.5460772767830413 49
1754451371704 2.5108700679761715 50
1754451378475 2.5476196910219597 51
1754451384359 2.477690765640805 52
1754451389610 2.4908879318400268 53
1754451395029 2.4998462176972374 54
1754451400595 2.48561146141291 55
1754451405869 2.4929690145707246 56
1754451411011 2.48163344059364 57
1754451416860 2.4756669006978207 58
1754451422095 2.441908844727378 59
1754451428360 2.4130442628641737 60
1754451432927 2.4375927525825296 61
1754451438628 2.436080701650482 62
1754451444064 2.3752717370442276 63
1754451450278 2.3774938687444567 64
1754451455417 2.415155626059725 65
1754451461051 2.360089595010796 66
1754451466366 2.3978937951692343 67
1754451472328 2.3860846404100524 68
1754451478650 2.363595524462681 69
1754451484261 2.391485718838871 70
1754451490184 2.365283977177101 71
1754451496159 2.349302796819234 72
1754451502082 2.4201562181358467 73
1754451507757 2.3892436758943436 74
1754451513692 2.340079267947956 75
1754451519108 2.32558398176651 76
1754451523870 2.3414985397204866 77
1754451529272 2.3290142958302487 78
1754451535979 2.351232646780693 79
1754451541602 2.3258937012952052 80
1754451547647 2.3021216220521765 81
1754451552793 2.3394106005901456 82
1754451558161 2.2887906622722025 83
1754451563032 2.307026272561746 84
1754451568410 2.330887283289313 85
1754451574346 2.279325745950022 86
1754451579400 2.272191966905932 87
1754451584849 2.300411751292339 88
1754451590375 2.258032566689498 89
1754451595864 2.2882352276015228 90
1754451601789 2.250372727881864 91
1754451608746 2.2489942432349723 92
1754451614886 2.2757940417326696 93
1754451619987 2.272070829423872 94
1754451624592 2.2680018006433484 95
1754451628977 2.272832736525353 96
1754451635224 2.2385944839528302 97
1754451641057 2.2428080875933154 98
1754451646615 2.2002588259937315 99
