1754451795889 5.689493923960436 0
1754451801728 5.115466509996314 1
1754451807634 4.680890737382053 2
1754451814083 4.326963352619921 3
1754451820216 4.109419340790805 4
1754451826719 3.988218224073411 5
1754451832201 3.837978535596054 6
1754451838214 3.723652089925218 7
1754451845008 3.61380632062033 8
1754451852304 3.543685572163903 9
1754451858096 3.4502608088173408 10
1754451864350 3.3704536613766334 11
1754451869999 3.3619522597604248 12
1754451876066 3.285519107595295 13
1754451881996 3.1939147665608987 14
1754451889433 3.1971809178115973 15
1754451896452 3.1147836693520343 16
1754451903350 3.1097285443100358 17
1754451911036 3.046777524410618 18
1754451917215 3.023442956942569 19
1754451923091 2.952157548645798 20
1754451929433 3.022113801104834 21
1754451935587 2.9360303907913705 22
1754451943030 2.900406509732808 23
1754451949570 2.85795194781913 24
1754451956157 2.8927502013558914 25
1754451963237 2.826094028617245 26
1754451969260 2.797988162301171 27
1754451974625 2.7736087872453323 28
1754451979979 2.77862852440923 29
1754451986688 2.7778459967973785 30
1754451994170 2.7372013300617044 31
1754451999812 2.703831934728284 32
1754452005234 2.716051775457189 33
1754452011301 2.7185908364425546 34
1754452018591 2.692715578167536 35
1754452023124 2.6382436713233797 36
1754452029519 2.635864565576976 37
1754452034551 2.652994142351079 38
1754452039562 2.625281073041197 39
1754452044812 2.614600359452316 40
1754452049846 2.5983790731341156 41
1754452054958 2.5764555436094585 42
1754452061071 2.569985004375638 43
1754452066782 2.5305099687064043 44
1754452071378 2.549042367747233 45
1754452077580 2.5421609734655473 46
1754452083318 2.5187450099538524 47
1754452089146 2.518030534892809 48
1754452094101 2.515528001458765 49
1754452099992 2.5422419537605423 50
1754452105649 2.4828806752222454 51
