1754447546167 5.393687128550171 0
1754447553428 4.927481128901582 1
1754447561167 4.560115379003769 2
1754447569642 4.35175287344191 3
1754447578010 4.137507613240465 4
1754447586731 4.021275938790873 5
1754447596002 3.8883302732654057 6
1754447604690 3.7793700328336457 7
1754447612307 3.6936392336306616 8
1754447620551 3.632308018475972 9
1754447629374 3.557037243485431 10
1754447638583 3.489055573868699 11
1754447648340 3.411986830408433 12
1754447656545 3.3640293059380446 13
1754447664143 3.293729441053435 14
1754447672228 3.2153485517981326 15
1754447680045 3.19648464726898 16
1754447687427 3.1487080379327863 17
1754447695178 3.108678078465543 18
1754447702329 3.097068274094933 19
1754447710991 3.0797079646998196 20
1754447719056 2.999495490991301 21
1754447727371 2.993256166403434 22
1754447735612 2.970881516255757 23
