1754451792335 5.689493923960436 0
1754451798978 5.115466509996314 1
1754451803965 4.680890737382053 2
1754451810120 4.326963352619921 3
1754451817796 4.109419340790805 4
1754451824255 3.988218224073411 5
1754451832343 3.837978535596054 6
1754451843050 3.723652089925218 7
1754451848378 3.61380632062033 8
1754451854664 3.543685572163903 9
1754451861226 3.4502608088173408 10
1754451867438 3.3704536613766334 11
1754451873189 3.3619522597604248 12
1754451878980 3.285519107595295 13
1754451884319 3.1939147665608987 14
1754451889986 3.1971809178115973 15
1754451896352 3.1147836693520343 16
1754451902616 3.1097285443100358 17
1754451908277 3.046777524410618 18
1754451913767 3.023442956942569 19
1754451918972 2.952157548645798 20
1754451924440 3.022113801104834 21
1754451929882 2.9360303907913705 22
1754451935917 2.900406509732808 23
1754451942115 2.85795194781913 24
1754451948953 2.8927502013558914 25
1754451954059 2.826094028617245 26
1754451959605 2.797988162301171 27
1754451965208 2.7736087872453323 28
1754451971450 2.77862852440923 29
1754451978073 2.7778459967973785 30
1754451984002 2.7372013300617044 31
1754451989827 2.703831934728284 32
1754451995554 2.716051775457189 33
1754452001513 2.7185908364425546 34
1754452008864 2.692715578167536 35
1754452014524 2.6382436713233797 36
1754452021339 2.635864565576976 37
1754452027656 2.652994142351079 38
1754452033546 2.625281073041197 39
1754452040552 2.614600359452316 40
1754452046548 2.5983790731341156 41
1754452052696 2.5764555436094585 42
1754452058707 2.569985004375638 43
1754452064337 2.5305099687064043 44
1754452070705 2.549042367747233 45
1754452077677 2.5421609734655473 46
1754452085091 2.5187450099538524 47
1754452091738 2.518030534892809 48
1754452098831 2.515528001458765 49
1754452105036 2.5422419537605423 50
