1754447546776 5.393687128550171 0
1754447554556 4.927481128901582 1
1754447561820 4.560115379003769 2
1754447570162 4.35175287344191 3
1754447579490 4.137507613240465 4
1754447588195 4.021275938790873 5
1754447596483 3.8883302732654057 6
1754447603709 3.7793700328336457 7
1754447610822 3.6936392336306616 8
1754447617820 3.632308018475972 9
1754447625540 3.557037243485431 10
1754447633959 3.489055573868699 11
1754447642013 3.411986830408433 12
1754447650447 3.3640293059380446 13
1754447658035 3.293729441053435 14
1754447666454 3.2153485517981326 15
1754447675400 3.19648464726898 16
1754447682963 3.1487080379327863 17
1754447691897 3.108678078465543 18
1754447700426 3.097068274094933 19
1754447708819 3.0797079646998196 20
1754447718744 2.999495490991301 21
1754447727249 2.993256166403434 22
1754447736860 2.970881516255757 23
