1754446992858 5.624274155615748 0
1754446999320 5.066197540477057 1
1754447005295 4.701094655452762 2
1754447011470 4.4167484831478205 3
1754447017118 4.276609367143053 4
1754447022052 4.08047759198411 5
1754447027299 3.9635402328119453 6
1754447034531 3.836619407214912 7
1754447040479 3.748449375887065 8
1754447046707 3.681342370088372 9
1754447052620 3.6076027650322264 10
1754447058474 3.5203866186677257 11
1754447064285 3.4791796656845424 12
1754447070009 3.4304767444830624 13
1754447076373 3.3314858053653444 14
1754447082300 3.284802958641983 15
1754447087352 3.256285046226467 16
1754447093345 3.1815048724009736 17
1754447099478 3.1816284793059784 18
1754447105945 3.099954047475668 19
1754447112233 3.0620148796652784 20
1754447118573 3.0529338001055386 21
1754447125155 3.052355302776829 22
1754447131778 2.9826201570613917 23
1754447138490 2.9563739123550814 24
1754447144865 2.9049402168772858 25
1754447151366 2.886836983991795 26
1754447158001 2.9143624989353643 27
1754447164056 2.8877465432030145 28
1754447171310 2.852889555311151 29
1754447178442 2.840333812521076 30
1754447184963 2.7827800581034396 31
1754447192643 2.734808171850357 32
1754447200275 2.753211332129228 33
1754447206267 2.7402836798877255 34
1754447212906 2.7359368776347064 35
1754447220416 2.70721470149336 36
1754447227798 2.694517296633307 37
1754447234421 2.7325733298299313 38
1754447241735 2.66222048187819 39
1754447248987 2.6531879509526157 40
1754447255991 2.641859448852003 41
1754447262433 2.625249641134572 42
1754447270452 2.637571412518159 43
1754447277150 2.6354898289040305 44
1754447285738 2.6031393187153706 45
1754447293251 2.545080067354958 46
1754447300519 2.5915075480919927 47
1754447306035 2.5783045553062727 48
1754447311524 2.5560033279832903 49
1754447316869 2.529952010707107 50
1754447322639 2.5035275582650947 51
1754447328584 2.4904436222910906 52
1754447333806 2.535664956066106 53
1754447339975 2.5410466403228273 54
1754447345357 2.5329309678330247 55
1754447350503 2.4545371101772786 56
1754447356126 2.467496099716011 57
1754447363190 2.4507465412732126 58
1754447368896 2.4665853261408244 59
1754447375078 2.4845715211073918 60
1754447380458 2.4984755009275292 61
1754447386082 2.4236519490735025 62
1754447391265 2.415041542759969 63
1754447396485 2.374761589485412 64
1754447402118 2.4311021402687714 65
1754447408335 2.385268651698262 66
