1754447537412 5.393687128550171 0
1754447544851 4.927481128901582 1
1754447551751 4.560115379003769 2
1754447561962 4.35175287344191 3
1754447570367 4.137507613240465 4
1754447580249 4.021275938790873 5
1754447588565 3.8883302732654057 6
1754447597242 3.7793700328336457 7
1754447604511 3.6936392336306616 8
1754447611138 3.632308018475972 9
1754447620366 3.557037243485431 10
1754447628512 3.489055573868699 11
1754447636312 3.411986830408433 12
1754447644189 3.3640293059380446 13
1754447652351 3.293729441053435 14
1754447660856 3.2153485517981326 15
1754447668441 3.19648464726898 16
1754447675823 3.1487080379327863 17
1754447684094 3.108678078465543 18
1754447691988 3.097068274094933 19
1754447702095 3.0797079646998196 20
1754447710197 2.999495490991301 21
1754447718024 2.993256166403434 22
1754447726805 2.970881516255757 23
1754447734838 2.943189509759254 24
1754447742884 2.9524819396210056 25
