1754451773665 5.689493923960436 0
1754451781337 5.115466509996314 1
1754451787810 4.680890737382053 2
1754451793609 4.326963352619921 3
1754451801229 4.109419340790805 4
1754451808323 3.988218224073411 5
1754451814560 3.837978535596054 6
1754451821219 3.723652089925218 7
1754451828112 3.61380632062033 8
1754451834252 3.543685572163903 9
1754451840180 3.4502608088173408 10
1754451845992 3.3704536613766334 11
1754451851309 3.3619522597604248 12
1754451855758 3.285519107595295 13
1754451860994 3.1939147665608987 14
1754451866456 3.1971809178115973 15
1754451872107 3.1147836693520343 16
1754451878348 3.1097285443100358 17
1754451884682 3.046777524410618 18
1754451891582 3.023442956942569 19
1754451898060 2.952157548645798 20
1754451904578 3.022113801104834 21
1754451910203 2.9360303907913705 22
1754451915973 2.900406509732808 23
1754451921388 2.85795194781913 24
1754451927838 2.8927502013558914 25
1754451933887 2.826094028617245 26
1754451940243 2.797988162301171 27
1754451946851 2.7736087872453323 28
1754451952700 2.77862852440923 29
1754451959258 2.7778459967973785 30
1754451965116 2.7372013300617044 31
1754451971099 2.703831934728284 32
1754451976967 2.716051775457189 33
1754451982322 2.7185908364425546 34
1754451987648 2.692715578167536 35
1754451992514 2.6382436713233797 36
1754451997783 2.635864565576976 37
1754452003908 2.652994142351079 38
1754452009451 2.625281073041197 39
1754452015422 2.614600359452316 40
1754452021159 2.5983790731341156 41
1754452027406 2.5764555436094585 42
1754452033590 2.569985004375638 43
1754452039925 2.5305099687064043 44
1754452046032 2.549042367747233 45
1754452050897 2.5421609734655473 46
1754452056509 2.5187450099538524 47
1754452063014 2.518030534892809 48
1754452069174 2.515528001458765 49
1754452075043 2.5422419537605423 50
1754452081032 2.4828806752222454 51
1754452087580 2.470700699845993 52
1754452092664 2.4239663004012506 53
1754452098546 2.4499720193762897 54
1754452104189 2.452335106194972 55
