1754447536276 5.393687128550171 0
1754447543983 4.927481128901582 1
1754447551096 4.560115379003769 2
1754447558132 4.35175287344191 3
1754447566720 4.137507613240465 4
1754447575444 4.021275938790873 5
1754447584849 3.8883302732654057 6
1754447593964 3.7793700328336457 7
1754447601814 3.6936392336306616 8
1754447610505 3.632308018475972 9
1754447619072 3.557037243485431 10
1754447628674 3.489055573868699 11
1754447637849 3.411986830408433 12
1754447646618 3.3640293059380446 13
1754447656417 3.293729441053435 14
1754447665110 3.2153485517981326 15
1754447673345 3.19648464726898 16
1754447681989 3.1487080379327863 17
1754447689753 3.108678078465543 18
1754447698540 3.097068274094933 19
1754447707864 3.0797079646998196 20
1754447716822 2.999495490991301 21
1754447725975 2.993256166403434 22
1754447734593 2.970881516255757 23
