1754446992708 5.624274155615748 0
1754446999497 5.066197540477057 1
1754447005148 4.701094655452762 2
1754447010693 4.4167484831478205 3
1754447016200 4.276609367143053 4
1754447022264 4.08047759198411 5
1754447028384 3.9635402328119453 6
1754447033947 3.836619407214912 7
1754447039194 3.748449375887065 8
1754447045686 3.681342370088372 9
1754447051396 3.6076027650322264 10
1754447057574 3.5203866186677257 11
1754447062576 3.4791796656845424 12
1754447068915 3.4304767444830624 13
1754447074788 3.3314858053653444 14
1754447081273 3.284802958641983 15
1754447086637 3.256285046226467 16
1754447091725 3.1815048724009736 17
1754447096834 3.1816284793059784 18
1754447101715 3.099954047475668 19
1754447107015 3.0620148796652784 20
1754447112440 3.0529338001055386 21
1754447117975 3.052355302776829 22
1754447123216 2.9826201570613917 23
1754447128841 2.9563739123550814 24
1754447133946 2.9049402168772858 25
1754447140894 2.886836983991795 26
1754447145950 2.9143624989353643 27
1754447151139 2.8877465432030145 28
1754447156759 2.852889555311151 29
1754447161929 2.840333812521076 30
1754447167589 2.7827800581034396 31
1754447173481 2.734808171850357 32
1754447179173 2.753211332129228 33
1754447184954 2.7402836798877255 34
1754447190764 2.7359368776347064 35
1754447197093 2.70721470149336 36
1754447202474 2.694517296633307 37
1754447208140 2.7325733298299313 38
1754447213447 2.66222048187819 39
1754447219517 2.6531879509526157 40
1754447224348 2.641859448852003 41
1754447229991 2.625249641134572 42
1754447235222 2.637571412518159 43
1754447240579 2.6354898289040305 44
1754447245912 2.6031393187153706 45
1754447251888 2.545080067354958 46
1754447258709 2.5915075480919927 47
1754447264248 2.5783045553062727 48
1754447269126 2.5560033279832903 49
1754447274648 2.529952010707107 50
1754447280202 2.5035275582650947 51
1754447286467 2.4904436222910906 52
1754447292149 2.535664956066106 53
1754447297741 2.5410466403228273 54
1754447304486 2.5329309678330247 55
1754447310575 2.4545371101772786 56
1754447316998 2.467496099716011 57
1754447323504 2.4507465412732126 58
1754447329302 2.4665853261408244 59
1754447335609 2.4845715211073918 60
1754447342003 2.4984755009275292 61
1754447348910 2.4236519490735025 62
1754447356608 2.415041542759969 63
1754447364723 2.374761589485412 64
1754447372242 2.4311021402687714 65
1754447379348 2.385268651698262 66
1754447386187 2.3807841133444794 67
1754447393137 2.393016877688101 68
1754447398890 2.402699152831283 69
1754447407540 2.386438534329955 70
