1754446979214 5.624274155615748 0
1754446985336 5.066197540477057 1
1754446991554 4.701094655452762 2
1754446997513 4.4167484831478205 3
1754447003159 4.276609367143053 4
1754447008703 4.08047759198411 5
1754447013986 3.9635402328119453 6
1754447019722 3.836619407214912 7
1754447025290 3.748449375887065 8
1754447030721 3.681342370088372 9
1754447036483 3.6076027650322264 10
1754447041652 3.5203866186677257 11
1754447046996 3.4791796656845424 12
1754447052140 3.4304767444830624 13
1754447057045 3.3314858053653444 14
1754447062898 3.284802958641983 15
1754447068042 3.256285046226467 16
1754447073376 3.1815048724009736 17
1754447078890 3.1816284793059784 18
1754447083663 3.099954047475668 19
1754447088981 3.0620148796652784 20
1754447094358 3.0529338001055386 21
1754447100129 3.052355302776829 22
1754447106298 2.9826201570613917 23
1754447111833 2.9563739123550814 24
1754447117075 2.9049402168772858 25
1754447122609 2.886836983991795 26
1754447128455 2.9143624989353643 27
1754447133968 2.8877465432030145 28
1754447139518 2.852889555311151 29
1754447145875 2.840333812521076 30
1754447151975 2.7827800581034396 31
1754447157260 2.734808171850357 32
1754447163291 2.753211332129228 33
1754447169469 2.7402836798877255 34
1754447175535 2.7359368776347064 35
1754447181352 2.70721470149336 36
1754447186487 2.694517296633307 37
1754447192721 2.7325733298299313 38
1754447198724 2.66222048187819 39
1754447203571 2.6531879509526157 40
1754447208878 2.641859448852003 41
1754447213848 2.625249641134572 42
1754447219152 2.637571412518159 43
1754447224829 2.6354898289040305 44
1754447229974 2.6031393187153706 45
1754447235539 2.545080067354958 46
1754447241277 2.5915075480919927 47
1754447246406 2.5783045553062727 48
1754447253031 2.5560033279832903 49
1754447258600 2.529952010707107 50
1754447265158 2.5035275582650947 51
1754447269276 2.4904436222910906 52
1754447274012 2.535664956066106 53
1754447279285 2.5410466403228273 54
1754447285453 2.5329309678330247 55
1754447291213 2.4545371101772786 56
1754447297778 2.467496099716011 57
1754447304006 2.4507465412732126 58
1754447310923 2.4665853261408244 59
1754447316113 2.4845715211073918 60
1754447321590 2.4984755009275292 61
1754447327210 2.4236519490735025 62
1754447333320 2.415041542759969 63
1754447339265 2.374761589485412 64
1754447345863 2.4311021402687714 65
1754447353472 2.385268651698262 66
1754447360922 2.3807841133444794 67
1754447368130 2.393016877688101 68
1754447375676 2.402699152831283 69
1754447382182 2.386438534329955 70
1754447388805 2.36092547098365 71
1754447393711 2.354540375261397 72
1754447399429 2.3296736379883263 73
1754447405457 2.3578367365093564 74
