1754447536737 5.393687128550171 0
1754447543842 4.927481128901582 1
1754447551568 4.560115379003769 2
1754447559173 4.35175287344191 3
1754447567755 4.137507613240465 4
1754447577186 4.021275938790873 5
1754447585413 3.8883302732654057 6
1754447593174 3.7793700328336457 7
1754447600304 3.6936392336306616 8
1754447608292 3.632308018475972 9
1754447615629 3.557037243485431 10
1754447623119 3.489055573868699 11
1754447631284 3.411986830408433 12
1754447638856 3.3640293059380446 13
1754447646974 3.293729441053435 14
1754447654458 3.2153485517981326 15
1754447662123 3.19648464726898 16
1754447668811 3.1487080379327863 17
1754447676847 3.108678078465543 18
1754447685055 3.097068274094933 19
1754447692685 3.0797079646998196 20
1754447700992 2.999495490991301 21
1754447708718 2.993256166403434 22
1754447717726 2.970881516255757 23
1754447726685 2.943189509759254 24
1754447736709 2.9524819396210056 25
