1754446999760 5.624274155615748 0
1754447005230 5.066197540477057 1
1754447010309 4.701094655452762 2
1754447015925 4.4167484831478205 3
1754447022165 4.276609367143053 4
1754447027645 4.08047759198411 5
1754447033230 3.9635402328119453 6
1754447038196 3.836619407214912 7
1754447043109 3.748449375887065 8
1754447048852 3.681342370088372 9
1754447054068 3.6076027650322264 10
1754447059487 3.5203866186677257 11
1754447065376 3.4791796656845424 12
1754447070612 3.4304767444830624 13
1754447076262 3.3314858053653444 14
1754447081985 3.284802958641983 15
1754447087451 3.256285046226467 16
1754447092915 3.1815048724009736 17
1754447098212 3.1816284793059784 18
1754447104328 3.099954047475668 19
1754447110003 3.0620148796652784 20
1754447116608 3.0529338001055386 21
1754447122287 3.052355302776829 22
1754447128318 2.9826201570613917 23
1754447134686 2.9563739123550814 24
1754447140775 2.9049402168772858 25
1754447146417 2.886836983991795 26
1754447151767 2.9143624989353643 27
1754447157388 2.8877465432030145 28
1754447163167 2.852889555311151 29
1754447169646 2.840333812521076 30
1754447175225 2.7827800581034396 31
1754447181702 2.734808171850357 32
1754447187798 2.753211332129228 33
1754447193915 2.7402836798877255 34
1754447198417 2.7359368776347064 35
1754447203389 2.70721470149336 36
1754447208332 2.694517296633307 37
1754447213477 2.7325733298299313 38
1754447218599 2.66222048187819 39
1754447225236 2.6531879509526157 40
1754447230534 2.641859448852003 41
1754447236981 2.625249641134572 42
1754447242219 2.637571412518159 43
1754447248398 2.6354898289040305 44
1754447254144 2.6031393187153706 45
1754447259805 2.545080067354958 46
1754447265738 2.5915075480919927 47
1754447271637 2.5783045553062727 48
1754447277225 2.5560033279832903 49
1754447283135 2.529952010707107 50
1754447288595 2.5035275582650947 51
1754447295111 2.4904436222910906 52
1754447300966 2.535664956066106 53
1754447308094 2.5410466403228273 54
1754447315298 2.5329309678330247 55
1754447320394 2.4545371101772786 56
1754447325624 2.467496099716011 57
1754447330443 2.4507465412732126 58
1754447335813 2.4665853261408244 59
1754447341026 2.4845715211073918 60
1754447346964 2.4984755009275292 61
1754447352313 2.4236519490735025 62
1754447359456 2.415041542759969 63
1754447364162 2.374761589485412 64
1754447370563 2.4311021402687714 65
1754447377024 2.385268651698262 66
1754447383049 2.3807841133444794 67
1754447388839 2.393016877688101 68
1754447395216 2.402699152831283 69
1754447401488 2.386438534329955 70
1754447408073 2.36092547098365 71
